100
18596 18636 15
51796 51826 15
23047 23097 20
22366 22376 20
30122 30172 15
1792 1842 20
9198 9248 15
28838 28848 5
4393 4443 15
885 905 10
15856 15906 20
6156 6196 20
43986 44006 15
40940 40960 10
45796 45816 10
21818 21838 15
54886 54916 15
1934 1974 10
52070 52090 15
48934 48974 20
32012 32062 10
7868 7918 10
39969 39979 5
56077 56117 10
18891 18941 20
39723 39733 20
33681 33701 5
11593 11643 20
26574 26594 10
1464 1484 15
35716 35726 15
55407 55457 20
12201 12211 10
26741 26751 10
8641 8691 10
10347 10397 15
17542 17552 5
48266 48286 5
6649 6659 5
39490 39540 20
55248 55258 15
24375 24425 15
42920 42960 20
43201 43231 10
28204 28234 5
56625 56665 20
55557 55607 5
42103 42113 5
52491 52501 15
17811 17851 15
50051 50071 15
27235 27285 15
14875 14915 20
29566 29596 15
36753 36793 10
34778 34828 5
43926 43936 20
49622 49662 10
18077 18097 15
37744 37794 15
27062 27102 5
38698 38748 10
13152 13172 5
13886 13936 5
7657 7707 20
27615 27645 20
53910 53920 5
25943 25953 20
7299 7329 10
46779 46829 10
32885 32935 5
21281 21291 5
47427 47437 15
25251 25271 5
3320 3330 10
7474 7494 10
19432 19472 5
23915 23965 15
20597 20617 5
16781 16801 10
23602 23652 5
46473 46513 5
5505 5545 15
44446 44486 10
30508 30518 15
45131 45141 15
53479 53489 5
31196 31236 5
21556 21606 10
28660 28670 5
19930 19980 15
50803 50853 15
37315 37345 20
41643 41663 15
14134 14144 10
22283 22293 15
9896 9926 5
10921 10931 5
46987 47037 20
2590 2640 10
0 1150 840 830 1010 530 670 1030 1070 960 890 260 730 840 320 320 620 720 790 580 900 1050 770 1120 770 1310 960 1220 960 790 890 990 520 1000 700 490 1010 1040 240 780 890 380 700 1220 1260 810 1170 620 440 980 980 1260 630 1200 590 900 190 870 880 730 940 690 910 110 750 860 270 890 1200 760 760 750 580 830 780 930 840 800 750 670 1080 1060 810 730 750 880 970 1040 270 760 1000 600 710 890 840 980 1070 1290 870 610 250
1150 0 660 670 170 870 700 400 550 910 430 930 540 830 990 860 530 570 700 700 850 510 820 30 480 280 250 240 330 490 390 620 760 400 640 730 180 540 1010 440 450 870 640 70 250 350 50 630 750 620 300 310 530 160 580 620 990 800 270 500 580 460 590 1050 850 650 880 880 150 680 410 590 770 620 750 380 820 350 400 630 260 140 600 620 460 680 570 480 880 500 390 740 800 270 310 820 150 270 550 540 900
840 660 0 960 500 920 170 300 1020 1210 790 750 740 1080 880 520 450 190 50 260 1140 980 1030 640 720 940 670 880 330 200 270 1020 320 860 140 360 480 990 840 280 800 460 140 690 900 390 640 250 410 140 750 950 580 810 380 70 650 1090 560 680 950 420 90 730 1040 960 660 1150 800 910 590 130 260 40 990 280 1080 530 540 790 420 680 880 120 660 1000 150 940 640 210 850 240 970 570 480 1170 510 930 880 460 690
830 670 960 0 660 330 860 890 260 260 240 570 210 150 540 720 510 770 950 790 180 260 150 650 240 640 430 570 770 760 760 160 790 290 840 720 680 240 600 680 220 800 840 740 600 600 730 740 690 1020 370 570 380 610 600 970 780 130 470 270 130 530 950 790 180 30 600 210 610 70 370 830 860 920 80 790 140 450 420 190 820 530 80 840 300 50 980 260 620 740 300 840 160 460 520 210 710 630 120 510 600
1010 170 500 660 0 800 530 270 600 920 420 800 480 810 880 700 390 400 530 530 850 560 790 140 430 440 240 380 170 320 230 650 590 440 470 570 20 580 890 270 440 710 470 220 400 190 170 460 590 470 320 450 420 310 430 460 840 800 190 430 590 320 430 910 810 640 750 870 300 640 330 420 600 460 720 220 800 250 300 570 160 190 570 450 390 680 420 530 740 330 430 570 750 190 180 840 60 430 550 400 770
530 870 920 330 800 0 780 950 580 430 480 290 330 310 210 510 480 730 890 680 370 580 240 840 390 920 630 840 840 760 810 490 660 570 770 590 810 560 290 690 470 610 770 940 880 660 920 660 540 1020 600 860 380 860 540 950 520 340 610 370 450 540 940 510 220 360 350 360 850 260 470 780 740 890 260 840 310 550 500 240 930 740 340 790 410 370 990 580 380 730 570 730 180 610 620 450 860 910 400 470 340
670 700 170 860 530 780 0 410 960 1110 730 590 650 980 720 350 350 130 120 90 1030 930 920 670 640 960 650 890 390 210 310 950 150 820 50 200 520 930 680 260 740 290 50 750 910 370 690 120 250 310 720 950 470 830 260 230 480 990 540 600 880 350 250 560 920 870 500 1040 820 810 520 110 90 160 880 350 970 480 480 680 510 680 790 80 580 910 310 890 480 190 800 70 850 550 460 1070 560 940 800 350 530
1030 400 300 890 270 950 410 0 870 1150 670 880 690 1040 990 700 480 310 350 460 1080 830 1000 390 640 690 500 640 120 240 150 910 530 710 350 540 250 850 970 270 690 670 350 420 650 300 370 400 580 220 590 710 570 560 460 230 840 1030 420 630 840 410 200 920 1020 880 800 1100 550 860 520 300 500 270 940 110 1030 430 470 760 140 460 800 320 590 920 170 790 780 260 690 470 950 430 360 1080 250 680 790 490 830
1070 550 1020 260 600 580 960 870 0 400 230 810 350 360 790 900 620 850 1030 910 350 40 390 540 340 430 370 370 750 810 780 100 930 160 920 870 620 30 850 730 220 970 920 600 400 630 610 840 850 1040 280 350 520 430 720 1010 990 320 460 390 130 610 980 1010 430 220 810 390 440 320 430 900 980 980 340 790 350 490 480 390 770 420 250 920 390 230 1000 70 830 800 170 960 420 450 530 300 640 420 200 630 820
960 910 1210 260 920 430 1110 1150 400 0 490 720 470 130 640 920 760 1020 1210 1030 70 430 190 890 510 830 680 770 1030 1020 1030 300 1020 510 1090 950 930 400 720 940 470 1000 1090 970 800 860 970 990 910 1280 610 750 640 820 850 1230 950 120 730 530 330 790 1210 940 210 270 770 70 820 300 630 1080 1100 1180 230 1050 130 720 680 430 1080 770 350 1100 560 230 1240 450 790 1000 520 1080 270 730 780 100 970 820 370 760 760
890 430 790 240 420 480 730 670 230 490 0 630 160 400 650 690 390 610 790 670 420 200 390 400 120 440 180 360 550 580 560 240 700 110 690 640 440 200 690 500 20 740 690 500 390 400 480 610 620 830 130 380 290 380 490 780 780 370 240 170 170 380 760 820 420 220 620 450 380 250 200 660 750 750 320 580 390 250 250 240 580 290 170 690 160 260 780 170 630 570 100 720 370 240 310 410 470 430 120 400 640
260 930 750 570 800 290 590 880 810 720 630 0 470 600 130 260 410 590 710 490 660 790 530 890 510 1060 710 970 790 650 730 730 450 740 600 390 800 780 90 610 630 350 600 1000 1010 620 960 500 330 880 720 1010 390 960 420 800 230 630 650 470 670 490 810 220 510 600 80 650 960 500 520 630 520 730 530 770 600 570 520 410 900 820 550 630 500 620 860 770 110 620 740 530 460 660 620 740 860 1040 600 400 60
730 540 740 210 480 330 650 690 350 470 160 470 0 350 490 550 290 560 740 580 390 330 310 510 60 600 290 510 570 550 560 310 590 270 620 520 500 320 530 470 150 620 620 610 550 390 590 530 500 810 270 540 180 520 390 750 630 340 290 60 240 320 740 660 330 210 470 410 520 170 170 610 660 710 250 580 340 250 210 90 630 410 130 630 90 250 770 310 480 530 270 630 260 290 320 420 540 580 160 300 480
840 830 1080 150 810 310 980 1040 360 130 400 600 350 0 520 790 630 890 1070 890 60 380 70 800 390 780 580 710 910 890 910 260 890 440 960 820 830 350 600 820 370 870 960 890 740 740 880 850 780 1160 520 700 500 760 720 1100 820 40 620 410 260 660 1090 820 90 180 640 60 760 170 510 950 960 1050 90 930 10 600 560 290 970 690 230 970 440 150 1120 390 660 870 450 950 140 620 670 140 860 770 270 630 640
320 990 880 540 880 210 720 990 790 640 650 130 490 520 0 400 510 710 840 620 580 780 460 960 540 1090 760 1000 890 760 840 700 580 750 730 520 890 760 80 720 640 490 730 1060 1040 710 1030 630 470 1000 760 1030 460 1010 530 930 350 560 710 500 650 580 930 310 430 570 220 570 1000 470 570 760 660 860 480 880 530 640 590 410 990 870 530 760 540 580 980 770 250 730 750 660 390 720 700 670 940 1070 590 500 200
320 860 520 720 700 510 350 700 900 920 690 260 550 790 400 0 330 390 470 260 850 880 720 820 570 1050 700 970 630 460 560 860 200 800 380 160 700 870 340 450 690 90 380 920 1000 510 870 290 120 660 740 1020 390 940 270 580 140 810 610 520 790 390 590 210 710 740 170 850 930 650 510 420 270 510 700 600 780 520 490 530 760 780 670 410 530 770 650 850 140 430 790 280 650 610 550 910 760 1040 710 320 200
620 530 450 510 390 480 350 480 620 760 390 410 290 630 510 330 0 260 440 280 680 590 570 490 280 710 360 630 380 280 330 600 310 490 330 250 390 590 500 210 400 370 330 600 660 200 550 230 240 540 410 680 120 600 100 480 460 630 270 240 530 70 470 520 580 510 350 690 590 450 190 320 360 420 530 370 620 180 150 330 480 450 430 340 230 550 510 560 340 250 480 340 510 280 220 720 450 700 450 10 380
720 570 190 770 400 730 130 310 850 1020 610 590 560 890 710 390 260 0 180 150 950 810 840 540 530 820 520 750 270 80 190 850 210 690 80 220 380 820 680 130 630 350 80 620 780 240 560 90 270 290 590 820 380 690 190 210 530 900 410 490 770 240 210 600 850 770 510 960 680 720 410 50 200 150 800 230 890 360 360 600 390 550 690 70 470 810 270 770 490 60 680 170 780 420 330 980 430 810 700 260 540
790 700 50 950 530 890 120 350 1030 1210 790 710 740 1070 840 470 440 180 0 220 1130 990 1020 670 720 970 690 910 370 220 300 1030 270 870 120 320 510 1000 800 290 810 410 120 730 930 400 680 220 370 200 760 980 570 840 360 130 600 1080 580 680 960 420 150 680 1030 950 620 1140 830 900 590 130 210 80 980 320 1070 540 550 780 470 710 870 100 660 990 210 950 600 220 860 190 960 590 500 1160 550 960 880 440 650
580 700 260 790 530 680 90 460 910 1030 670 490 580 890 620 260 280 150 220 0 950 870 840 670 570 940 610 870 420 230 340 890 60 770 120 100 520 880 580 260 680 210 120 760 890 350 700 70 150 400 680 930 400 810 180 320 390 900 500 530 820 300 330 470 840 790 400 960 800 730 470 160 80 250 800 380 890 440 430 600 540 670 710 150 520 830 390 840 380 210 760 50 770 510 430 1000 580 930 740 280 430
900 850 1140 180 850 370 1030 1080 350 70 420 660 390 60 580 850 680 950 1130 950 0 380 130 820 430 780 610 720 950 940 950 250 950 450 1010 880 860 350 660 870 400 930 1010 910 750 790 900 910 840 1210 540 700 560 770 770 1150 880 50 660 460 270 710 1130 880 150 200 700 30 770 220 560 1000 1020 1100 150 980 60 640 610 350 1010 710 270 1020 490 160 1160 400 720 920 460 1000 200 650 710 90 900 770 300 680 700
1050 510 980 260 560 580 930 830 40 430 200 790 330 380 780 880 590 810 990 870 380 0 410 490 310 400 320 340 710 770 730 130 900 120 890 840 580 30 840 690 190 940 890 560 370 590 570 810 820 1000 240 320 490 400 690 970 970 340 420 360 130 580 940 990 440 230 800 410 400 310 400 860 950 940 340 750 370 450 440 380 720 380 250 880 360 240 960 30 810 760 130 920 430 410 490 330 600 390 180 600 810
770 820 1030 150 790 240 920 1000 390 190 390 530 310 70 460 720 570 840 1020 840 130 410 0 790 360 790 570 720 880 850 870 290 830 440 900 760 800 380 530 770 370 800 900 890 750 700 870 800 720 1110 520 720 460 760 660 1050 750 100 600 370 270 610 1040 750 30 180 570 120 760 140 480 900 900 1000 70 900 70 560 520 240 940 680 220 910 410 170 1080 410 600 820 450 890 70 590 630 210 840 780 270 580 570
1120 30 640 650 140 840 670 390 540 890 400 890 510 800 960 820 490 540 670 670 820 490 790 0 450 300 220 250 310 460 370 600 730 380 610 700 160 520 970 410 420 840 610 100 260 320 80 590 710 600 280 320 500 170 550 600 960 780 240 460 560 430 570 1020 820 620 840 850 160 650 380 570 740 600 720 360 790 320 370 600 260 110 570 600 420 660 550 460 840 470 370 710 770 230 270 800 130 290 530 510 870
770 480 720 240 430 390 640 640 340 510 120 510 60 390 540 570 280 530 720 570 430 310 360 450 0 540 230 460 520 520 510 310 590 230 600 530 440 310 580 440 120 630 600 550 500 350 530 510 510 770 210 490 180 460 390 720 660 380 230 50 240 290 700 700 380 240 500 450 460 210 120 590 650 680 290 540 380 200 170 150 580 340 160 610 50 280 730 280 510 500 220 630 320 230 270 450 480 530 160 290 520
1310 280 940 640 440 920 960 690 430 830 440 1060 600 780 1090 1050 710 820 970 940 780 400 790 300 540 0 350 80 610 750 670 530 990 350 900 950 460 430 1120 690 450 1080 900 280 50 590 320 860 950 900 330 80 670 130 790 900 1170 740 440 580 520 660 870 1220 830 610 1030 810 140 670 540 850 1020 900 730 660 770 520 560 680 550 270 590 890 550 630 850 380 1030 760 340 980 800 430 510 730 430 10 530 730 1050
960 250 670 430 240 630 650 500 370 680 180 710 290 580 760 700 360 520 690 610 610 320 570 220 230 350 0 260 380 460 410 410 650 200 600 610 260 340 790 390 210 730 600 320 300 280 300 540 600 680 80 320 320 240 450 650 820 560 110 260 350 320 620 870 600 410 680 640 240 430 190 560 690 630 500 420 570 180 210 380 400 110 350 590 220 440 630 290 680 460 190 660 550 100 190 600 280 330 310 380 700
1220 240 880 570 380 840 890 640 370 770 360 970 510 710 1000 970 630 750 910 870 720 340 720 250 460 80 260 0 550 690 610 470 910 270 830 870 400 370 1040 620 370 1000 830 260 30 510 290 790 870 850 240 70 590 80 710 840 1090 680 360 500 450 580 810 1140 750 530 950 750 90 600 460 790 940 840 650 600 700 440 480 600 510 200 510 820 470 560 800 320 950 690 270 910 720 350 430 670 380 70 450 640 970
960 330 330 770 170 840 390 120 750 1030 550 790 570 910 890 630 380 270 370 420 950 710 880 310 520 610 380 550 0 190 70 790 480 590 330 480 150 730 870 180 570 620 330 360 570 180 310 350 510 300 470 620 450 480 370 290 780 900 300 500 720 310 260 850 900 750 720 970 470 740 400 280 480 290 820 50 910 310 350 640 120 360 680 310 470 800 250 680 700 210 580 440 830 310 240 960 180 600 660 390 740
790 490 200 760 320 760 210 240 810 1020 580 650 550 890 760 460 280 80 220 230 940 770 850 460 520 750 460 690 190 0 110 820 300 650 150 300 310 780 740 80 600 430 150 540 710 180 480 170 340 260 540 760 390 620 230 200 600 890 360 480 750 230 190 680 860 760 570 960 610 720 390 100 290 160 790 150 890 320 340 600 310 490 680 130 460 800 230 740 550 30 640 250 790 370 280 970 350 740 680 280 600
890 390 270 760 230 810 310 150 780 1030 560 730 560 910 840 560 330 190 300 340 950 730 870 370 510 670 410 610 70 110 0 800 410 610 260 410 210 750 820 120 580 540 260 430 630 160 380 280 440 260 500 680 420 540 310 230 710 900 310 490 730 260 210 780 880 750 650 970 530 730 390 200 400 230 810 40 900 310 340 620 190 410 680 230 460 790 220 700 640 130 600 360 810 320 240 960 250 660 670 340 680
990 620 1020 160 650 490 950 910 100 300 240 730 310 260 700 860 600 850 1030 890 250 130 290 600 310 530 410 470 790 820 800 0 900 210 920 840 670 100 760 740 220 930 920 680 500 640 680 830 810 1070 330 450 490 520 700 1020 930 220 480 360 70 600 1000 940 330 130 750 280 520 230 430 900 970 980 240 820 250 490 480 330 820 490 190 920 370 120 1020 150 770 810 230 940 320 480 550 200 690 520 150 610 760
520 760 320 790 590 660 150 530 930 1020 700 450 590 890 580 200 310 210 270 60 950 900 830 730 590 990 650 910 480 300 410 900 0 800 180 70 580 900 530 320 710 140 180 810 940 400 760 130 120 460 710 970 410 860 210 380 330 900 550 540 830 330 390 410 830 800 360 950 860 730 500 230 70 310 800 450 890 470 460 600 610 710 720 210 540 840 450 870 330 270 790 80 760 560 470 1000 640 980 750 300 390
1000 400 860 290 440 570 820 710 160 510 110 740 270 440 750 800 490 690 870 770 450 120 440 380 230 350 200 270 590 650 610 210 800 0 770 740 460 140 800 570 110 850 770 460 310 470 460 700 720 880 120 280 400 320 590 850 900 410 290 280 180 470 820 930 480 260 730 480 320 320 300 740 850 820 370 620 430 330 340 340 600 270 240 770 260 290 830 80 740 640 10 820 440 290 370 420 480 340 180 500 750
700 640 140 840 470 770 50 350 920 1090 690 600 620 960 730 380 330 80 120 120 1010 890 900 610 600 900 600 830 330 150 260 920 180 770 0 220 460 890 690 210 700 320 0 690 860 320 630 100 270 280 670 900 450 770 240 200 510 960 490 560 850 310 210 590 910 840 520 1020 760 780 490 50 150 130 860 290 950 430 440 660 450 630 760 30 550 880 270 850 490 140 760 110 840 500 410 1050 500 890 770 320 550
490 730 360 720 570 590 200 540 870 950 640 390 520 820 520 160 250 220 320 100 880 840 760 700 530 950 610 870 480 300 410 840 70 740 220 0 560 840 470 300 650 140 220 790 900 370 740 130 50 500 660 930 350 830 150 420 300 830 500 480 760 280 430 380 760 730 300 880 820 660 440 260 140 350 720 450 810 430 400 530 600 670 650 250 480 770 490 810 270 270 730 140 690 510 430 930 620 940 680 240 330
1010 180 480 680 20 810 520 250 620 930 440 800 500 830 890 700 390 380 510 520 860 580 800 160 440 460 260 400 150 310 210 670 580 460 460 560 0 600 890 260 460 700 460 230 420 190 180 450 580 450 340 470 430 330 420 440 840 810 200 440 610 320 410 900 830 660 750 890 320 660 340 410 590 440 740 200 820 260 310 580 140 210 590 440 400 700 400 550 740 320 450 550 770 210 190 860 50 450 560 400 770
1040 540 990 240 580 560 930 850 30 400 200 780 320 350 760 870 590 820 1000 880 350 30 380 520 310 430 340 370 730 780 750 100 900 140 890 840 600 0 820 700 190 940 890 590 400 600 590 810 820 1020 260 350 490 430 690 980 960 320 430 360 110 580 960 980 420 200 790 380 430 290 410 870 960 950 320 760 340 460 450 370 750 410 230 890 360 210 970 50 800 770 150 930 400 420 510 300 620 420 170 600 800
240 1010 840 600 890 290 680 970 850 720 690 90 530 600 80 340 500 680 800 580 660 840 530 970 580 1120 790 1040 870 740 820 760 530 800 690 470 890 820 0 700 680 420 690 1080 1070 710 1040 590 420 970 790 1070 470 1030 510 890 270 630 730 530 710 570 890 230 510 630 170 650 1030 530 590 720 600 820 550 860 600 650 600 450 990 890 590 720 570 650 950 820 190 710 800 610 470 730 700 740 950 1110 650 490 140
780 440 280 680 270 690 260 270 730 940 500 610 470 820 720 450 210 130 290 260 870 690 770 410 440 690 390 620 180 80 120 740 320 570 210 300 260 700 700 0 520 440 210 490 650 110 440 180 330 340 470 690 320 560 190 280 590 820 280 410 670 160 260 670 790 680 530 880 550 640 310 170 330 240 720 160 810 240 260 530 300 420 600 200 380 720 300 660 520 70 560 290 720 290 200 890 320 680 600 220 560
890 450 800 220 440 470 740 690 220 470 20 630 150 370 640 690 400 630 810 680 400 190 370 420 120 450 210 370 570 600 580 220 710 110 700 650 460 190 680 520 0 750 700 520 410 420 500 620 630 850 150 390 300 400 500 800 790 350 260 170 150 390 780 820 400 190 620 430 390 230 210 680 760 760 300 600 360 270 260 230 610 310 150 700 170 230 800 160 630 590 110 740 350 260 330 390 490 440 100 410 640
380 870 460 800 710 610 290 670 970 1000 740 350 620 870 490 90 370 350 410 210 930 940 800 840 630 1080 730 1000 620 430 540 930 140 850 320 140 700 940 420 440 750 0 320 930 1030 510 880 260 130 600 780 1060 450 960 290 520 190 890 630 580 860 420 530 270 800 810 260 930 950 730 560 370 200 450 780 580 870 550 530 600 740 810 740 360 580 850 600 910 240 410 840 220 730 640 570 990 760 1070 780 360 290
700 640 140 840 470 770 50 350 920 1090 690 600 620 960 730 380 330 80 120 120 1010 890 900 610 600 900 600 830 330 150 260 920 180 770 0 220 460 890 690 210 700 320 0 690 860 320 630 100 270 280 670 900 450 770 240 200 510 960 490 560 850 310 210 590 910 840 520 1020 760 780 490 50 150 130 860 290 950 430 440 660 450 630 760 30 550 880 270 850 490 140 760 110 840 500 410 1050 500 890 770 320 550
1220 70 690 740 220 940 750 420 600 970 500 1000 610 890 1060 920 600 620 730 760 910 560 890 100 550 280 320 260 360 540 430 680 810 460 690 790 230 590 1080 490 520 930 690 0 260 410 50 680 810 640 370 330 600 180 650 640 1060 870 340 570 640 530 610 1120 920 710 950 940 170 750 490 640 820 650 820 410 880 420 470 700 280 210 670 670 530 750 590 530 940 550 450 790 870 340 380 880 180 280 620 610 970
1260 250 900 600 400 880 910 650 400 800 390 1010 550 740 1040 1000 660 780 930 890 750 370 750 260 500 50 300 30 570 710 630 500 940 310 860 900 420 400 1070 650 410 1030 860 260 0 540 290 820 900 870 280 70 620 90 740 860 1120 710 390 530 480 610 830 1170 790 570 980 780 100 630 490 810 970 860 690 620 730 470 510 640 520 220 550 840 500 590 820 350 980 710 300 940 750 380 460 700 390 30 490 680 1000
810 350 390 600 190 660 370 300 630 860 400 620 390 740 710 510 200 240 400 350 790 590 700 320 350 590 280 510 180 180 160 640 400 470 320 370 190 600 710 110 420 510 320 410 540 0 360 270 390 420 360 580 270 460 230 380 650 740 170 330 570 130 360 710 720 590 560 800 450 560 220 280 430 350 640 190 730 140 180 460 280 310 510 310 300 630 380 550 550 180 450 390 650 180 90 800 250 570 500 210 580
1170 50 640 730 170 920 690 370 610 970 480 960 590 880 1030 870 550 560 680 700 900 570 870 80 530 320 300 290 310 480 380 680 760 460 630 740 180 590 1040 440 500 880 630 50 290 360 0 630 760 590 360 360 570 210 600 590 1010 860 310 540 640 480 560 1070 900 700 910 930 200 730 450 580 770 600 800 360 870 390 440 680 230 190 650 610 500 740 540 540 900 500 450 730 850 310 330 880 130 310 610 560 930
620 630 250 740 460 660 120 400 840 990 610 500 530 850 630 290 230 90 220 70 910 810 800 590 510 860 540 790 350 170 280 830 130 700 100 130 450 810 590 180 620 260 100 680 820 270 630 0 180 370 610 850 350 740 130 290 430 860 430 470 760 230 300 510 800 740 420 920 730 680 400 130 150 230 760 310 850 370 360 560 470 590 660 130 460 780 360 770 400 140 690 120 730 440 350 950 500 850 680 220 450
440 750 410 690 590 540 250 580 850 910 620 330 500 780 470 120 240 270 370 150 840 820 720 710 510 950 600 870 510 340 440 810 120 720 270 50 580 820 420 330 630 130 270 810 900 390 760 180 0 550 650 930 330 830 160 470 260 790 510 460 740 290 480 330 710 700 250 840 830 620 430 310 190 400 690 480 770 420 400 500 640 680 620 300 460 740 540 790 220 310 720 190 640 510 440 890 640 940 660 230 270
980 620 140 1020 470 1020 310 220 1040 1280 830 880 810 1160 1000 660 540 290 200 400 1210 1000 1110 600 770 900 680 850 300 260 260 1070 460 880 280 500 450 1020 970 340 850 600 280 640 870 420 590 370 550 0 760 920 660 770 480 80 790 1160 580 750 1000 500 70 870 1130 1010 790 1220 760 980 650 240 400 150 1060 260 1150 570 600 870 360 670 940 250 720 1060 50 970 770 290 870 380 1060 590 510 1230 470 890 930 550 820
980 300 750 370 320 600 720 590 280 610 130 720 270 520 760 740 410 590 760 680 540 240 520 280 210 330 80 240 470 540 500 330 710 120 670 660 340 260 790 470 150 780 670 370 280 360 360 610 650 760 0 280 340 250 500 730 850 500 180 250 280 380 710 890 550 340 700 570 250 380 220 640 760 710 450 510 510 240 250 360 480 160 300 660 220 380 720 200 710 540 100 730 500 170 260 520 360 310 250 420 720
1260 310 950 570 450 860 950 710 350 750 380 1010 540 700 1030 1020 680 820 980 930 700 320 720 320 490 80 320 70 620 760 680 450 970 280 900 930 470 350 1070 690 390 1060 900 330 70 580 360 850 930 920 280 0 630 150 770 910 1140 670 420 530 440 640 880 1180 750 530 990 730 160 600 510 860 1010 910 650 670 690 500 530 620 580 270 520 890 510 550 870 300 990 760 280 970 730 410 500 650 450 70 460 700 1010
630 530 580 380 420 380 470 570 520 640 290 390 180 500 460 390 120 380 570 400 560 490 460 500 180 670 320 590 450 390 420 490 410 400 450 350 430 490 470 320 300 450 450 600 620 270 570 350 330 660 340 630 0 570 210 590 500 510 250 130 410 160 580 550 470 390 360 570 560 330 120 440 480 540 410 460 500 180 130 210 550 420 310 460 130 430 620 460 360 370 390 450 400 260 240 600 480 660 330 120 380
1200 160 810 610 310 860 830 560 430 820 380 960 520 760 1010 940 600 690 840 810 770 400 760 170 460 130 240 80 480 620 540 520 860 320 770 830 330 430 1030 560 400 960 770 180 90 460 210 740 830 770 250 150 570 0 670 770 1060 730 330 500 500 540 740 1110 790 580 930 800 10 630 440 720 890 770 690 530 750 410 450 610 430 150 540 760 460 610 720 370 930 630 310 860 750 320 390 730 300 120 490 610 950
590 580 380 600 430 540 260 460 720 850 490 420 390 720 530 270 100 190 360 180 770 690 660 550 390 790 450 710 370 230 310 700 210 590 240 150 420 690 510 190 500 290 240 650 740 230 600 130 160 480 500 770 210 670 0 410 410 720 340 340 630 130 400 480 670 610 340 780 660 550 290 240 260 340 620 350 710 270 250 420 490 520 530 250 330 650 450 660 320 200 580 240 600 350 280 810 480 780 550 90 370
900 620 70 970 460 950 230 230 1010 1230 780 800 750 1100 930 580 480 210 130 320 1150 970 1050 600 720 900 650 840 290 200 230 1020 380 850 200 420 440 980 890 280 800 520 200 640 860 380 590 290 470 80 730 910 590 770 410 0 710 1100 550 690 950 430 30 790 1060 960 720 1160 760 920 590 160 320 70 1000 240 1090 520 540 800 370 650 880 170 660 1000 80 930 690 220 830 300 990 550 470 1170 470 890 880 480 740
190 990 650 780 840 520 480 840 990 950 780 230 630 820 350 140 460 530 600 390 880 970 750 960 660 1170 820 1090 780 600 710 930 330 900 510 300 840 960 270 590 790 190 510 1060 1120 650 1010 430 260 790 850 1140 500 1060 410 710 0 850 730 610 860 530 720 80 730 800 180 870 1050 710 620 560 390 640 750 750 820 650 610 590 900 910 740 540 630 830 780 940 160 570 890 410 680 740 680 960 900 1160 790 450 180
870 800 1090 130 800 340 990 1030 320 120 370 630 340 40 560 810 630 900 1080 900 50 340 100 780 380 740 560 680 900 890 900 220 900 410 960 830 810 320 630 820 350 890 960 870 710 740 860 860 790 1160 500 670 510 730 720 1100 850 0 610 410 230 660 1080 850 130 150 670 70 730 170 510 950 970 1050 100 930 30 590 560 300 960 660 220 970 440 120 1110 360 690 870 420 960 170 600 660 110 850 730 250 630 670
880 270 560 470 190 610 540 420 460 730 240 650 290 620 710 610 270 410 580 500 660 420 600 240 230 440 110 360 300 360 310 480 550 290 490 500 200 430 730 280 260 630 490 340 390 170 310 430 510 580 180 420 250 330 340 550 730 610 0 240 420 210 520 790 620 450 610 680 320 450 140 450 580 520 530 330 610 80 130 380 340 170 380 480 200 490 540 380 600 350 280 550 560 10 80 660 250 430 360 280 630
730 500 680 270 430 370 600 630 390 530 170 470 60 410 500 520 240 490 680 530 460 360 370 460 50 580 260 500 500 480 490 360 540 280 560 480 440 360 530 410 170 580 560 570 530 330 540 470 460 750 250 530 130 500 340 690 610 410 240 0 280 250 670 650 390 270 450 470 490 230 100 550 600 640 310 520 400 190 150 140 570 370 190 570 40 310 700 330 460 460 270 580 320 240 260 480 490 570 200 250 470
940 580 950 130 590 450 880 840 130 330 170 670 240 260 650 790 530 770 960 820 270 130 270 560 240 520 350 450 720 750 730 70 830 180 850 760 610 110 710 670 150 860 850 640 480 570 640 760 740 1000 280 440 410 500 630 950 860 230 420 280 0 530 930 880 310 90 690 300 500 180 360 830 890 910 210 750 250 430 410 260 760 440 120 850 300 110 950 130 700 730 190 870 290 410 480 240 640 500 80 530 690
690 460 420 530 320 540 350 410 610 790 380 490 320 660 580 390 70 240 420 300 710 580 610 430 290 660 320 580 310 230 260 600 330 470 310 280 320 580 570 160 390 420 310 530 610 130 480 230 290 500 380 640 160 540 130 430 530 660 210 250 530 0 420 590 630 530 420 720 530 480 170 290 380 390 560 300 650 140 130 370 410 390 450 310 230 570 460 540 420 210 460 350 560 220 150 740 380 650 460 80 450
910 590 90 950 430 940 250 200 980 1210 760 810 740 1090 930 590 470 210 150 330 1130 940 1040 570 700 870 620 810 260 190 210 1000 390 820 210 430 410 960 890 260 780 530 210 610 830 360 560 300 480 70 710 880 580 740 400 30 720 1080 520 670 930 420 0 800 1050 940 720 1150 730 910 580 170 340 80 990 210 1080 500 530 790 330 620 870 180 650 990 60 910 700 210 810 320 980 530 450 1160 440 860 860 470 750
110 1050 730 790 910 510 560 920 1010 940 820 220 660 820 310 210 520 600 680 470 880 990 750 1020 700 1220 870 1140 850 680 780 940 410 930 590 380 900 980 230 670 820 270 590 1120 1170 710 1070 510 330 870 890 1180 550 1110 480 790 80 850 790 650 880 590 800 0 730 810 190 870 1110 720 670 630 470 720 750 820 820 700 660 610 970 960 750 620 670 840 860 970 180 650 930 490 680 790 740 960 960 1210 810 510 180
750 850 1040 180 810 220 920 1020 430 210 420 510 330 90 430 710 580 850 1030 840 150 440 30 820 380 830 600 750 900 860 880 330 830 480 910 760 830 420 510 790 400 800 910 920 790 720 900 800 710 1130 550 750 470 790 670 1060 730 130 620 390 310 630 1050 730 0 220 560 140 790 170 500 910 900 1010 100 910 90 580 540 260 970 710 250 920 430 200 1090 450 580 840 480 890 70 620 650 240 870 820 300 580 550
860 650 960 30 640 360 870 880 220 270 220 600 210 180 570 740 510 770 950 790 200 230 180 620 240 610 410 530 750 760 750 130 800 260 840 730 660 200 630 680 190 810 840 710 570 590 700 740 700 1010 340 530 390 580 610 960 800 150 450 270 90 530 940 810 220 0 620 230 580 90 360 820 870 920 120 780 170 440 410 210 800 500 80 840 290 40 970 230 640 740 270 850 200 450 510 210 690 590 90 510 630
270 880 660 600 750 350 500 800 810 770 620 80 470 640 220 170 350 510 620 400 700 800 570 840 500 1030 680 950 720 570 650 750 360 730 520 300 750 790 170 530 620 260 520 950 980 560 910 420 250 790 700 990 360 930 340 720 180 670 610 450 690 420 720 190 560 620 0 700 920 530 480 550 430 650 570 700 640 520 480 420 830 780 560 540 480 650 780 780 20 540 730 440 500 610 570 780 800 1020 610 340 30
890 880 1150 210 870 360 1040 1100 390 70 450 650 410 60 570 850 690 960 1140 960 30 410 120 850 450 810 640 750 970 960 970 280 950 480 1020 880 890 380 650 880 430 930 1020 940 780 800 930 920 840 1220 570 730 570 800 780 1160 870 70 680 470 300 720 1150 870 140 230 700 0 800 240 580 1010 1030 1110 160 990 70 660 620 360 1030 730 290 1030 500 190 1180 430 720 940 490 1010 190 670 730 120 920 800 320 690 690
1200 150 800 610 300 850 820 550 440 820 380 960 520 760 1000 930 590 680 830 800 770 400 760 160 460 140 240 90 470 610 530 520 860 320 760 820 320 430 1030 550 390 950 760 170 100 450 200 730 830 760 250 160 560 10 660 760 1050 730 320 490 500 530 730 1110 790 580 920 800 0 620 430 720 880 760 690 520 750 400 440 610 420 140 540 750 460 610 710 370 920 620 310 850 750 310 380 730 290 130 490 600 940
760 680 910 70 640 260 810 860 320 300 250 500 170 170 470 650 450 720 900 730 220 310 140 650 210 670 430 600 740 720 730 230 730 320 780 660 660 290 530 640 230 730 780 750 630 560 730 680 620 980 380 600 330 630 550 920 710 170 450 230 180 480 910 720 170 90 530 240 620 0 340 780 800 870 80 760 170 420 380 130 800 540 80 790 260 120 940 310 550 700 320 780 120 450 490 260 700 660 140 460 530
760 410 590 370 330 470 520 520 430 630 200 520 170 510 570 510 190 410 590 470 560 400 480 380 120 540 190 460 400 390 390 430 500 300 490 440 340 410 590 310 210 560 490 490 490 220 450 400 430 650 220 510 120 440 290 590 620 510 140 100 360 170 580 670 500 360 480 580 430 340 0 460 550 550 420 410 510 80 50 240 470 300 290 490 70 410 600 370 480 370 290 520 430 140 150 580 390 530 280 200 500
750 590 130 830 420 780 110 300 900 1080 660 630 610 950 760 420 320 50 130 160 1000 860 900 570 590 850 560 790 280 100 200 900 230 740 50 260 410 870 720 170 680 370 50 640 810 280 580 130 310 240 640 860 440 720 240 160 560 950 450 550 830 290 170 630 910 820 550 1010 720 780 460 0 200 100 850 230 940 410 420 650 390 590 740 30 530 870 230 820 530 100 730 170 840 460 370 1040 450 840 750 320 580
580 770 260 860 600 740 90 500 980 1100 750 520 660 960 660 270 360 200 210 80 1020 950 900 740 650 1020 690 940 480 290 400 970 70 850 150 140 590 960 600 330 760 200 150 820 970 430 770 150 190 400 760 1010 480 890 260 320 390 970 580 600 890 380 340 470 900 870 430 1030 880 800 550 200 0 260 870 430 960 520 510 670 600 740 790 180 600 910 410 920 410 270 840 30 830 590 500 1070 640 1000 810 350 460
830 620 40 920 460 890 160 270 980 1180 750 730 710 1050 860 510 420 150 80 250 1100 940 1000 600 680 900 630 840 290 160 230 980 310 820 130 350 440 950 820 240 760 450 130 650 860 350 600 230 400 150 710 910 540 770 340 70 640 1050 520 640 910 390 80 720 1010 920 650 1110 760 870 550 100 260 0 950 240 1040 490 500 750 390 640 840 100 620 960 140 900 620 180 800 230 940 530 440 1130 470 890 840 420 680
780 750 990 80 720 260 880 940 340 230 320 530 250 90 480 700 530 800 980 800 150 340 70 720 290 730 500 650 820 790 810 240 800 370 860 720 740 320 550 720 300 780 860 820 690 640 800 760 690 1060 450 650 410 690 620 1000 750 100 530 310 210 560 990 750 100 120 570 160 690 80 420 850 870 950 0 840 90 500 460 200 880 610 150 870 340 110 1020 350 590 770 380 850 80 530 570 210 780 710 200 530 570
930 380 280 790 220 840 350 110 790 1050 580 770 580 930 880 600 370 230 320 380 980 750 900 360 540 660 420 600 50 150 40 820 450 620 290 450 200 760 860 160 600 580 290 410 620 190 360 310 480 260 510 670 460 530 350 240 750 930 330 520 750 300 210 820 910 780 700 990 520 760 410 230 430 240 840 0 920 330 370 650 160 410 700 260 490 820 210 710 680 170 610 400 840 340 260 990 230 650 690 380 720
840 820 1080 140 800 310 970 1030 350 130 390 600 340 10 530 780 620 890 1070 890 60 370 70 790 380 770 570 700 910 890 900 250 890 430 950 810 820 340 600 810 360 870 950 880 730 730 870 850 770 1150 510 690 500 750 710 1090 820 30 610 400 250 650 1080 820 90 170 640 70 750 170 510 940 960 1040 90 920 0 590 550 290 960 680 220 960 430 140 1110 380 660 860 440 940 140 610 660 140 860 760 260 620 640
800 350 530 450 250 550 480 430 490 720 250 570 250 600 640 520 180 360 540 440 640 450 560 320 200 520 180 440 310 320 310 490 470 330 430 430 260 460 650 240 270 550 430 420 470 140 390 370 420 570 240 500 180 410 270 520 650 590 80 190 430 140 500 700 580 440 520 660 400 420 80 410 520 490 500 330 590 0 50 330 380 260 370 430 150 480 530 410 520 310 320 490 520 90 70 650 310 510 360 200 550
750 400 540 420 300 500 480 470 480 680 250 520 210 560 590 490 150 360 550 430 610 440 520 370 170 560 210 480 350 340 340 480 460 340 440 400 310 450 600 260 260 530 440 470 510 180 440 360 400 600 250 530 130 450 250 540 610 560 130 150 410 130 530 660 540 410 480 620 440 380 50 420 510 500 460 370 550 50 0 280 430 300 330 440 120 460 550 410 480 320 330 480 470 130 120 630 360 540 330 170 500
670 630 790 190 570 240 680 760 390 430 240 410 90 290 410 530 330 600 780 600 350 380 240 600 150 680 380 600 640 600 620 330 600 340 660 530 580 370 450 530 230 600 660 700 640 460 680 560 500 870 360 620 210 610 420 800 590 300 380 140 260 370 790 610 260 210 420 360 610 130 240 650 670 750 200 650 290 330 280 0 720 500 140 670 180 240 830 360 430 580 340 650 190 380 400 390 630 670 190 330 430
1080 260 420 820 160 930 510 140 770 1080 580 900 630 970 990 760 480 390 470 540 1010 720 940 260 580 550 400 510 120 310 190 820 610 600 450 600 140 750 990 300 610 740 450 280 520 280 230 470 640 360 480 580 550 430 490 370 900 960 340 570 760 410 330 970 970 800 830 1030 420 800 470 390 600 390 880 160 960 380 430 720 0 350 730 420 540 840 310 690 820 330 590 560 900 350 310 1000 130 540 710 490 860
1060 140 680 530 190 740 680 460 420 770 290 820 410 690 870 780 450 550 710 670 710 380 680 110 340 270 110 200 360 490 410 490 710 270 630 670 210 410 890 420 310 810 630 210 220 310 190 590 680 670 160 270 420 150 520 650 910 660 170 370 440 390 620 960 710 500 780 730 140 540 300 590 740 640 610 410 680 260 300 500 350 0 460 620 330 540 610 350 780 490 250 710 660 170 240 690 220 260 410 460 800
810 600 880 80 570 340 790 800 250 350 170 550 130 230 530 670 430 690 870 710 270 250 220 570 160 590 350 510 680 680 680 190 720 240 760 650 590 230 590 600 150 740 760 670 550 510 650 660 620 940 300 520 310 540 530 880 740 220 380 190 120 450 870 750 250 80 560 290 540 80 290 740 790 840 150 700 220 370 330 140 730 460 0 760 210 120 890 240 580 660 240 770 200 380 430 290 630 580 60 430 570
730 620 120 840 450 790 80 320 920 1100 690 630 630 970 760 410 340 70 100 150 1020 880 910 600 610 890 590 820 310 130 230 920 210 770 30 250 440 890 720 200 700 360 30 670 840 310 610 130 300 250 660 890 460 760 250 170 540 970 480 570 850 310 180 620 920 840 540 1030 750 790 490 30 180 100 870 260 960 430 440 670 420 620 760 0 550 890 240 850 520 130 760 140 850 490 400 1050 480 870 770 330 570
750 460 660 300 390 410 580 590 390 560 160 500 90 440 540 530 230 470 660 520 490 360 410 420 50 550 220 470 470 460 460 370 540 260 550 480 400 360 570 380 170 580 550 530 500 300 500 460 460 720 220 510 130 460 330 660 630 440 200 40 300 230 650 670 430 290 480 500 460 260 70 530 600 620 340 490 430 150 120 180 540 330 210 550 0 340 670 330 480 440 260 570 360 200 220 510 450 540 220 240 490
880 680 1000 50 680 370 910 920 230 230 260 620 250 150 580 770 550 810 990 830 160 240 170 660 280 630 440 560 800 800 790 120 840 290 880 770 700 210 650 720 230 850 880 750 590 630 740 780 740 1060 380 550 430 610 650 1000 830 120 490 310 110 570 990 840 200 40 650 190 610 120 410 870 910 960 110 820 140 480 460 240 840 540 120 890 340 0 1010 250 670 780 300 890 190 490 550 170 730 620 130 550 650
970 570 150 980 420 990 310 170 1000 1240 780 860 770 1120 980 650 510 270 210 390 1160 960 1080 550 730 850 630 800 250 230 220 1020 450 830 270 490 400 970 950 300 800 600 270 590 820 380 540 360 540 50 720 870 620 720 450 80 780 1110 540 700 950 460 60 860 1090 970 780 1180 710 940 600 230 410 140 1020 210 1110 530 550 830 310 610 890 240 670 1010 0 920 760 260 820 380 1020 540 470 1180 420 840 890 510 810
1040 480 940 260 530 580 890 790 70 450 170 770 310 390 770 850 560 770 950 840 400 30 410 460 280 380 290 320 680 740 700 150 870 80 850 810 550 50 820 660 160 910 850 530 350 550 540 770 790 970 200 300 460 370 660 930 940 360 380 330 130 540 910 970 450 230 780 430 370 310 370 820 920 900 350 710 380 410 410 360 690 350 240 850 330 250 920 0 790 730 100 890 430 370 460 350 560 370 170 570 790
270 880 640 620 740 380 480 780 830 790 630 110 480 660 250 140 340 490 600 380 720 810 600 840 510 1030 680 950 700 550 640 770 330 740 490 270 740 800 190 520 630 240 490 940 980 550 900 400 220 770 710 990 360 930 320 690 160 690 600 460 700 420 700 180 580 640 20 720 920 550 480 530 410 620 590 680 660 520 480 430 820 780 580 520 480 670 760 790 0 520 740 410 520 610 560 800 800 1020 630 330 50
760 500 210 740 330 730 190 260 800 1000 570 620 530 870 730 430 250 60 220 210 920 760 820 470 500 760 460 690 210 30 130 810 270 640 140 270 320 770 710 70 590 410 140 550 710 180 500 140 310 290 540 760 370 630 200 220 570 870 350 460 730 210 210 650 840 740 540 940 620 700 370 100 270 180 770 170 860 310 320 580 330 490 660 130 440 780 260 730 520 0 630 230 770 360 270 950 370 750 660 250 570
1000 390 850 300 430 570 800 690 170 520 100 740 270 450 750 790 480 680 860 760 460 130 450 370 220 340 190 270 580 640 600 230 790 10 760 730 450 150 800 560 110 840 760 450 300 450 450 690 720 870 100 280 390 310 580 830 890 420 280 270 190 460 810 930 480 270 730 490 310 320 290 730 840 800 380 610 440 320 330 340 590 250 240 760 260 300 820 100 740 630 0 810 450 270 360 430 470 330 180 490 740
600 740 240 840 570 730 70 470 960 1080 720 530 630 950 660 280 340 170 190 50 1000 920 890 710 630 980 660 910 440 250 360 940 80 820 110 140 550 930 610 290 740 220 110 790 940 390 730 120 190 380 730 970 450 860 240 300 410 960 550 580 870 350 320 490 890 850 440 1010 850 780 520 170 30 230 850 400 940 490 480 650 560 710 770 140 570 890 380 890 410 230 810 0 820 560 470 1050 610 970 790 330 470
710 800 970 160 750 180 850 950 420 270 370 460 260 140 390 650 510 780 960 770 200 430 70 770 320 800 550 720 830 790 810 320 760 440 840 690 770 400 470 720 350 730 840 870 750 650 850 730 640 1060 500 730 400 750 600 990 680 170 560 320 290 560 980 680 70 200 500 190 750 120 430 840 830 940 80 840 140 520 470 190 900 660 200 850 360 190 1020 430 520 770 450 820 0 560 590 280 810 780 260 510 500
890 270 570 460 190 610 550 430 450 730 240 660 290 620 720 610 280 420 590 510 650 410 590 230 230 430 100 350 310 370 320 480 560 290 500 510 210 420 730 290 260 640 500 340 380 180 310 440 510 590 170 410 260 320 350 550 740 600 10 240 410 220 530 790 620 450 610 670 310 450 140 460 590 530 530 340 610 90 130 380 350 170 380 490 200 490 540 370 610 360 270 560 560 0 90 650 250 420 360 290 640
840 310 480 520 180 620 460 360 530 780 310 620 320 670 700 550 220 330 500 430 710 490 630 270 270 510 190 430 240 280 240 550 470 370 410 430 190 510 700 200 330 570 410 380 460 90 330 350 440 510 260 500 240 390 280 470 680 660 80 260 480 150 450 740 650 510 570 730 380 490 150 370 500 440 570 260 660 70 120 400 310 240 430 400 220 550 470 460 560 270 360 470 590 90 0 720 240 500 420 230 600
980 820 1170 210 840 450 1070 1080 300 100 410 740 420 140 670 910 720 980 1160 1000 90 330 210 800 450 730 600 670 960 970 960 200 1000 420 1050 930 860 300 740 890 390 990 1050 880 700 800 880 950 890 1230 520 650 600 730 810 1170 960 110 660 480 240 740 1160 960 240 210 780 120 730 260 580 1040 1070 1130 210 990 140 650 630 390 1000 690 290 1050 510 170 1180 350 800 950 430 1050 280 650 720 0 890 720 290 720 780
1070 150 510 710 60 860 560 250 640 970 470 860 540 860 940 760 450 430 550 580 900 600 840 130 480 430 280 380 180 350 250 690 640 480 500 620 50 620 950 320 490 760 500 180 390 250 130 500 640 470 360 450 480 300 480 470 900 850 250 490 640 380 440 960 870 690 800 920 290 700 390 450 640 470 780 230 860 310 360 630 130 220 630 480 450 730 420 560 800 370 470 610 810 250 240 890 0 420 600 460 830
1290 270 930 630 430 910 940 680 420 820 430 1040 580 770 1070 1040 700 810 960 930 770 390 780 290 530 10 330 70 600 740 660 520 980 340 890 940 450 420 1110 680 440 1070 890 280 30 570 310 850 940 890 310 70 660 120 780 890 1160 730 430 570 500 650 860 1210 820 590 1020 800 130 660 530 840 1000 890 710 650 760 510 540 670 540 260 580 870 540 620 840 370 1020 750 330 970 780 420 500 720 420 0 520 710 1040
870 550 880 120 550 400 800 790 200 370 120 600 160 270 590 710 450 700 880 740 300 180 270 530 160 530 310 450 660 680 670 150 750 180 770 680 560 170 650 600 100 780 770 620 490 500 610 680 660 930 250 460 330 490 550 880 790 250 360 200 80 460 860 810 300 90 610 320 490 140 280 750 810 840 200 690 260 360 330 190 710 410 60 770 220 130 890 170 630 660 180 790 260 360 420 290 600 520 0 450 620
610 540 460 510 400 470 350 490 630 760 400 400 300 630 500 320 10 260 440 280 680 600 580 510 290 730 380 640 390 280 340 610 300 500 320 240 400 600 490 220 410 360 320 610 680 210 560 220 230 550 420 700 120 610 90 480 450 630 280 250 530 80 470 510 580 510 340 690 600 460 200 320 350 420 530 380 620 200 170 330 490 460 430 330 240 550 510 570 330 250 490 330 510 290 230 720 460 710 450 0 370
250 900 690 600 770 340 530 830 820 760 640 60 480 640 200 200 380 540 650 430 700 810 570 870 520 1050 700 970 740 600 680 760 390 750 550 330 770 800 140 560 640 290 550 970 1000 580 930 450 270 820 720 1010 380 950 370 740 180 670 630 470 690 450 750 180 550 630 30 690 940 530 500 580 460 680 570 720 640 550 500 430 860 800 570 570 490 650 810 790 50 570 740 470 500 640 600 780 830 1040 620 370 0
