100
41643 41663 15
32012 32062 10
30122 30172 15
10347 10397 15
50051 50071 15
42103 42113 5
21556 21606 10
43201 43231 10
39723 39733 20
33681 33701 5
6156 6196 20
9896 9926 5
52070 52090 15
37315 37345 20
14875 14915 20
45131 45141 15
31196 31236 5
14134 14144 10
53479 53489 5
1792 1842 20
38698 38748 10
46779 46829 10
49622 49662 10
21281 21291 5
23602 23652 5
1464 1484 15
11593 11643 20
18077 18097 15
45796 45816 10
9198 9248 15
2590 2640 10
39969 39979 5
48266 48286 5
48934 48974 20
27235 27285 15
13886 13936 5
44446 44486 10
26574 26594 10
12201 12211 10
54886 54916 15
30508 30518 15
32885 32935 5
50803 50853 15
46987 47037 20
19930 19980 15
18891 18941 20
26741 26751 10
22366 22376 20
8641 8691 10
53910 53920 5
22283 22293 15
56077 56117 10
56625 56665 20
52491 52501 15
47427 47437 15
24375 24425 15
17542 17552 5
21818 21838 15
36753 36793 10
28838 28848 5
1934 1974 10
35716 35726 15
5505 5545 15
28204 28234 5
15856 15906 20
55248 55258 15
3320 3330 10
55407 55457 20
16781 16801 10
27062 27102 5
4393 4443 15
42920 42960 20
29566 29596 15
6649 6659 5
46473 46513 5
7868 7918 10
55557 55607 5
23915 23965 15
51796 51826 15
10921 10931 5
27615 27645 20
19432 19472 5
18596 18636 15
7299 7329 10
43986 44006 15
23047 23097 20
885 905 10
34778 34828 5
20597 20617 5
40940 40960 10
39490 39540 20
28660 28670 5
25943 25953 20
7657 7707 20
17811 17851 15
13152 13172 5
43926 43936 20
7474 7494 10
37744 37794 15
25251 25271 5
0 840 1050 530 1010 1260 440 760 1260 960 1220 730 1290 580 890 1200 970 270 980 1040 670 910 760 880 580 1060 890 960 730 320 1030 250 1120 240 900 630 750 750 790 1000 720 880 750 710 610 600 1310 700 1010 490 890 1070 770 1170 980 830 700 1040 620 900 1070 790 990 730 810 260 380 930 520 1080 690 960 1220 590 780 810 770 620 750 840 870 270 800 1150 760 840 830 890 190 670 320 890 1000 1200 860 980 110 870 840 940 780
840 0 490 620 190 500 440 270 460 190 430 320 500 430 90 390 470 560 720 460 460 450 150 80 500 240 240 240 260 550 360 600 270 700 710 240 650 220 280 370 330 550 370 590 230 470 510 410 180 430 730 240 270 330 510 440 410 510 220 470 530 500 550 400 90 620 570 260 470 310 150 780 380 280 200 430 630 350 120 480 420 570 70 310 490 670 520 310 680 400 700 330 360 380 510 260 740 660 660 480 570
1050 490 0 580 580 320 820 760 370 320 340 330 390 870 410 400 960 810 330 30 930 940 400 420 950 380 730 710 360 880 830 810 490 840 380 490 440 360 770 120 810 240 860 430 600 920 400 890 560 840 410 600 310 570 1000 940 890 30 590 970 40 990 130 880 590 790 940 750 900 720 580 430 560 690 690 250 410 810 440 980 180 800 450 510 310 380 260 200 970 380 780 190 130 400 230 240 990 340 370 130 340
530 620 580 0 810 860 540 730 880 630 840 330 910 680 610 860 990 380 450 580 780 940 470 610 740 740 810 840 370 510 950 340 840 290 370 380 220 410 760 570 730 370 780 180 470 730 920 770 800 590 360 860 390 920 1020 890 770 560 480 950 580 890 490 790 660 290 610 840 660 930 540 430 940 540 690 340 240 660 500 920 400 350 550 870 260 310 330 480 520 240 210 470 570 850 360 600 510 340 310 450 260
1010 190 580 810 0 470 580 320 420 260 400 500 450 520 210 330 400 740 860 550 520 410 340 200 590 210 210 150 440 700 250 770 160 890 860 430 830 400 310 460 380 700 410 770 400 550 460 460 20 560 890 50 440 180 450 440 460 600 390 440 620 510 670 440 190 800 700 200 580 140 320 930 230 420 260 590 800 450 310 480 560 750 260 180 660 830 680 440 840 580 890 460 450 320 660 340 900 810 820 610 740
1260 500 320 860 470 0 930 760 70 320 70 540 70 930 410 150 870 990 650 300 950 880 510 420 1010 270 680 620 530 1020 710 1010 320 1070 700 630 750 510 760 280 820 550 860 730 700 970 80 900 450 930 730 450 490 360 920 910 900 350 680 910 350 980 450 890 580 1010 1060 670 970 580 640 750 330 770 690 520 720 850 530 950 460 990 500 310 600 700 570 380 1140 620 1030 390 280 160 530 280 1180 670 690 440 650
440 440 820 540 580 930 0 310 900 600 870 500 940 150 510 830 540 220 890 790 250 480 430 510 190 680 440 510 460 120 580 270 710 420 840 330 710 460 340 720 270 740 310 640 230 190 950 270 590 50 840 640 510 760 550 400 270 820 240 470 850 370 810 300 390 330 130 480 120 640 290 910 810 160 330 620 720 180 400 410 660 250 420 750 620 780 690 620 260 500 470 630 720 830 700 650 330 790 770 740 690
760 270 760 730 320 760 310 0 710 460 690 530 750 210 360 630 260 520 950 730 190 210 370 350 270 490 130 210 460 430 260 570 470 710 920 370 840 440 30 640 60 780 100 770 250 230 760 140 330 270 940 370 500 500 290 180 140 770 250 220 800 220 810 130 180 620 410 170 270 330 210 1000 550 200 70 660 820 140 320 210 660 540 310 500 700 870 740 570 570 580 730 590 630 620 740 540 650 870 860 730 770
1260 460 370 880 420 70 900 710 0 300 30 550 30 890 380 90 820 980 700 350 910 830 490 390 970 220 630 570 530 1000 650 1000 260 1070 750 620 790 500 710 310 780 590 810 750 680 940 50 860 400 900 780 390 500 290 870 860 860 400 660 860 400 930 500 840 540 1010 1030 620 940 520 610 800 260 740 650 550 750 820 510 900 490 980 470 250 630 740 600 390 1120 640 1040 410 300 100 570 280 1170 710 730 480 690
960 190 320 630 260 320 600 460 300 0 260 290 330 610 100 240 630 680 600 290 650 620 190 110 690 110 410 380 260 700 500 700 220 790 610 320 600 220 460 200 520 440 560 550 380 660 350 600 240 610 640 280 230 300 680 630 600 340 360 650 370 690 410 590 280 710 730 420 650 400 320 680 320 450 390 350 570 540 210 670 310 680 180 250 430 580 430 180 820 380 760 210 190 240 410 80 870 560 570 350 500
1220 430 340 840 400 70 870 690 30 260 0 510 70 870 350 80 800 950 670 320 890 810 460 360 940 200 610 550 500 970 640 970 250 1040 720 590 750 470 690 270 750 560 790 720 640 910 80 830 380 870 750 380 460 290 850 840 830 370 630 840 370 910 470 820 510 970 1000 600 910 510 580 770 260 710 620 510 720 790 480 880 450 950 440 240 600 710 570 360 1090 600 1000 370 270 90 530 240 1140 680 700 450 650
730 320 330 330 500 540 500 530 550 290 510 0 580 580 290 520 770 480 420 310 650 740 170 290 660 410 560 570 60 550 690 480 510 530 390 180 330 90 550 270 560 250 610 260 300 630 600 620 480 520 410 540 60 590 810 710 620 320 290 750 350 740 310 630 390 470 620 580 590 630 320 470 610 390 470 130 310 530 210 740 160 470 250 540 170 350 210 160 630 90 490 150 270 520 210 270 660 340 340 240 250
1290 500 390 910 450 70 940 750 30 330 70 580 0 930 420 120 840 1020 720 370 940 860 530 430 1000 260 660 600 570 1040 680 1040 290 1110 770 660 820 540 740 340 810 620 840 780 710 970 10 890 430 940 800 420 530 310 890 890 890 420 700 890 420 960 520 870 570 1040 1070 650 980 540 650 820 280 780 680 580 780 850 540 930 520 1020 510 270 660 770 630 430 1160 670 1070 440 330 130 590 310 1210 730 760 500 710
580 430 870 680 520 930 150 210 890 610 870 580 930 0 510 810 390 380 1000 840 90 330 470 500 80 670 340 420 530 260 460 430 670 580 950 400 840 520 230 770 150 830 160 770 280 50 940 120 530 100 960 580 570 700 400 250 120 880 280 320 910 220 890 150 350 490 210 380 60 540 300 1030 760 180 260 710 840 70 430 260 740 400 440 700 730 890 790 670 390 600 620 680 760 800 790 680 470 900 890 820 800
890 90 410 610 210 410 510 360 380 100 350 290 420 510 0 320 540 610 650 370 550 530 140 10 590 170 320 310 240 610 430 640 230 730 650 260 620 200 370 290 420 490 460 560 290 560 430 500 190 510 670 250 230 310 590 530 500 420 280 550 450 590 480 490 180 660 640 340 560 350 220 730 340 350 290 380 590 440 130 570 360 610 90 270 450 620 460 240 740 380 720 260 270 310 450 170 790 600 610 410 530
1200 390 400 860 330 150 830 630 90 240 80 520 120 810 320 0 720 930 730 370 830 740 440 330 890 150 540 480 500 940 560 950 170 1030 770 570 790 460 620 320 690 610 720 750 610 860 130 770 310 830 800 300 460 210 770 770 770 430 600 770 430 840 520 760 460 960 960 530 860 430 540 820 180 670 560 540 760 740 450 810 490 930 410 160 630 760 610 380 1060 610 1010 400 310 10 580 250 1110 730 750 500 690
970 470 960 990 400 870 540 260 820 630 800 770 840 390 540 720 0 760 1180 920 310 60 600 540 410 610 220 250 700 650 170 810 550 950 1160 620 1090 670 230 830 270 1010 230 1020 510 380 850 270 420 490 1180 420 730 540 50 140 270 970 510 80 1000 210 1020 240 380 860 600 210 450 310 460 1240 590 450 300 890 1080 360 550 150 890 780 530 570 940 1120 980 780 780 830 980 800 820 710 970 720 860 1110 1110 950 1020
270 560 810 380 740 990 220 520 980 680 950 480 1020 380 610 930 760 0 800 790 480 700 480 600 410 780 640 700 460 140 780 50 840 190 720 360 580 480 550 740 490 670 530 520 330 410 1030 490 740 270 720 800 510 900 770 620 490 800 340 690 830 600 770 520 550 110 240 680 330 820 420 790 940 320 520 580 600 400 480 640 630 20 520 880 550 660 620 630 160 430 250 630 740 920 640 710 180 690 660 700 590
980 720 330 450 860 650 890 950 700 600 670 420 720 1000 650 730 1180 800 0 350 1070 1160 580 660 1070 690 960 960 480 910 1080 780 800 740 90 600 240 510 970 420 980 170 1040 280 720 1050 730 1050 840 930 120 890 450 880 1230 1130 1050 300 720 1170 300 1160 200 1050 800 740 990 990 1000 1000 740 100 880 810 890 290 210 950 630 1170 290 780 650 820 260 140 210 410 960 390 670 390 430 730 210 520 960 110 140 240 210
1040 460 30 580 550 300 790 730 350 290 320 310 370 840 370 370 920 790 350 0 890 910 370 380 920 350 700 680 330 850 790 790 460 820 400 460 450 330 740 80 770 250 820 430 570 890 380 850 530 810 430 560 280 540 970 900 850 50 560 930 70 950 150 850 550 770 910 710 870 690 540 450 530 660 660 240 410 770 410 940 170 780 410 480 310 390 260 170 940 360 770 160 100 370 230 200 970 360 380 130 350
670 460 930 780 520 950 250 190 910 650 890 650 940 90 550 830 310 480 1070 890 0 250 520 540 90 680 310 390 600 350 410 530 670 680 1030 470 920 580 210 820 130 910 110 850 350 70 960 50 530 200 1040 560 640 690 310 160 50 930 350 230 960 120 950 80 370 590 290 350 150 510 350 1110 750 260 260 790 920 120 480 170 800 500 480 700 810 980 860 730 480 680 720 740 800 820 870 720 560 990 970 880 880
910 450 940 940 410 880 480 210 830 620 810 740 860 330 530 740 60 700 1160 910 250 0 580 520 340 620 210 260 670 590 200 750 570 890 1130 580 1050 650 190 820 210 990 170 980 470 320 870 210 430 430 1150 440 700 560 70 80 210 960 470 30 980 150 1000 180 360 810 530 210 390 330 420 1210 610 400 260 870 1040 300 530 90 860 720 500 590 910 1090 950 760 720 790 930 780 810 730 940 710 800 1080 1080 930 990
760 150 400 470 340 510 430 370 490 190 460 170 530 470 140 440 600 480 580 370 520 580 0 140 550 300 390 400 100 510 520 500 380 590 560 120 500 70 390 300 410 410 460 430 200 520 540 490 330 440 580 390 120 450 650 550 490 410 190 590 430 590 430 490 220 520 560 410 500 470 170 630 490 290 310 290 480 400 50 590 280 480 80 410 340 510 370 200 620 240 570 210 290 430 360 220 670 510 510 360 420
880 80 420 610 200 420 510 350 390 110 360 290 430 500 10 330 540 600 660 380 540 520 140 0 580 170 310 300 240 610 420 630 240 730 660 250 620 200 360 290 410 490 450 560 280 550 440 490 190 500 680 250 230 310 580 520 490 430 270 550 460 580 480 480 170 650 630 330 550 340 210 730 340 340 280 380 600 430 130 560 360 610 80 270 450 620 470 240 730 380 710 260 280 320 450 180 790 610 610 420 530
580 500 950 740 590 1010 190 270 970 690 940 660 1000 80 590 890 410 410 1070 920 90 340 550 580 0 740 400 480 600 270 500 460 740 600 1020 480 900 600 290 850 200 910 200 830 350 30 1020 150 600 140 1030 640 650 770 400 260 150 960 360 320 980 210 970 180 430 520 200 430 70 600 380 1100 820 260 330 790 900 150 510 260 810 430 520 770 800 960 860 750 390 670 660 760 840 880 870 760 470 970 960 890 870
1060 240 380 740 210 270 680 490 220 110 200 410 260 670 170 150 610 780 690 350 680 620 300 170 740 0 410 360 370 780 460 800 110 890 710 420 710 330 490 270 550 540 590 660 460 710 270 630 190 670 730 220 340 190 670 640 630 410 450 650 420 710 490 620 310 820 810 410 710 350 390 770 210 520 420 460 680 590 300 680 410 780 260 140 540 690 530 290 910 500 870 310 250 140 500 160 960 660 680 440 610
890 240 730 810 210 680 440 130 630 410 610 560 660 340 320 540 220 640 960 700 310 210 390 310 400 410 0 70 490 560 150 680 370 820 950 420 880 460 110 610 190 790 200 810 340 360 670 260 230 410 970 250 510 380 260 230 260 750 330 230 780 300 800 230 160 730 540 40 410 190 260 1030 430 310 120 680 870 280 340 270 670 650 310 390 730 910 760 560 710 620 840 580 600 530 750 500 780 900 900 730 810
960 240 710 840 150 620 510 210 570 380 550 570 600 420 310 480 250 700 960 680 390 260 400 300 480 360 70 0 500 630 120 740 310 870 950 450 900 470 190 590 270 800 280 830 390 440 610 330 170 480 970 180 520 310 300 290 330 730 380 290 750 370 790 310 180 790 620 50 480 120 310 1030 360 370 180 680 880 350 350 330 660 720 310 330 740 910 770 550 780 640 890 570 580 470 750 470 850 900 910 720 820
730 260 360 370 440 530 460 460 530 260 500 60 570 530 240 500 700 460 480 330 600 670 100 240 600 370 490 500 0 520 630 470 460 530 460 130 390 40 480 280 490 310 550 320 250 580 580 560 430 480 470 490 50 540 750 640 560 360 240 690 390 680 360 570 330 470 580 520 540 570 250 530 570 340 410 190 370 470 150 680 200 450 190 500 230 410 270 170 610 140 500 170 270 490 270 250 650 410 400 280 310
320 550 880 510 700 1020 120 430 1000 700 970 550 1040 260 610 940 650 140 910 850 350 590 510 610 270 780 560 630 520 0 700 200 820 340 850 390 710 530 460 800 390 770 420 650 320 280 1050 380 700 160 850 760 570 870 660 510 380 870 330 580 900 470 860 410 510 260 90 600 200 760 390 920 920 270 450 670 720 290 490 520 710 170 520 860 650 790 720 690 140 530 400 690 790 930 740 740 210 810 780 790 700
1030 360 830 950 250 710 580 260 650 500 640 690 680 460 430 560 170 780 1080 790 410 200 520 420 500 460 150 120 630 700 0 830 390 970 1080 570 1020 590 240 710 310 920 300 950 490 470 690 350 270 540 1100 250 640 370 220 270 350 850 480 230 870 350 910 320 300 880 670 110 530 140 410 1150 420 460 270 800 1000 400 470 300 790 800 430 400 860 1040 890 670 840 760 990 690 690 550 880 590 920 1030 1030 840 940
250 600 810 340 770 1010 270 570 1000 700 970 480 1040 430 640 950 810 50 780 790 530 750 500 630 460 800 680 740 470 200 830 0 870 140 700 380 550 490 600 750 540 650 580 500 370 470 1050 550 770 330 690 830 520 930 820 680 550 800 380 740 820 650 760 570 580 60 290 720 390 860 450 760 970 370 560 570 570 450 500 690 620 30 550 900 530 640 600 640 180 430 200 640 740 940 630 720 180 670 640 690 570
1120 270 490 840 160 320 710 470 260 220 250 510 290 670 230 170 550 840 800 460 670 570 380 240 740 110 370 310 460 820 390 870 0 970 820 500 820 420 460 380 540 660 570 770 510 710 300 610 140 700 850 130 450 80 600 600 610 520 490 600 540 670 600 600 320 890 840 360 730 260 430 890 100 550 410 570 790 590 370 640 530 840 320 30 650 800 650 400 960 600 960 420 370 160 620 280 1020 780 790 560 720
240 700 840 290 890 1070 420 710 1070 790 1040 530 1110 580 730 1030 950 190 740 820 680 890 590 730 600 890 820 870 530 340 970 140 970 0 660 470 510 570 740 800 680 650 720 470 490 610 1120 690 890 470 650 950 580 1040 970 820 690 820 500 890 850 800 760 720 710 90 420 860 530 990 570 720 1080 510 700 590 530 590 600 840 650 170 650 1010 530 600 600 690 270 450 80 680 800 1030 630 790 230 630 600 710 550
900 710 380 370 860 700 840 920 750 610 720 390 770 950 650 770 1160 720 90 400 1030 1130 560 660 1020 710 950 950 460 850 1080 700 820 660 0 560 150 490 940 450 950 160 1000 200 680 1000 780 1010 850 880 30 900 430 900 1210 1100 1010 350 680 1150 350 1130 250 1020 790 660 930 980 950 1010 710 70 910 770 870 270 130 910 610 1140 300 700 640 850 220 60 180 420 880 350 580 400 460 770 200 540 880 50 60 270 150
630 240 490 380 430 630 330 370 620 320 590 180 660 400 260 570 620 360 600 460 470 580 120 250 480 420 420 450 130 390 570 380 500 470 560 0 470 130 390 400 380 430 440 400 120 450 670 450 420 350 570 480 180 570 660 540 450 490 120 590 520 570 490 460 270 390 450 460 410 550 160 640 600 210 320 310 460 350 130 580 330 360 180 530 330 500 380 290 500 210 460 300 390 560 390 340 550 510 500 410 410
750 650 440 220 830 750 710 840 790 600 750 330 820 840 620 790 1090 580 240 450 920 1050 500 620 900 710 880 900 390 710 1020 550 820 510 150 470 0 430 860 480 850 200 910 70 580 890 830 910 810 760 140 870 380 900 1130 1010 910 420 580 1060 430 1030 330 920 720 510 800 910 830 970 630 210 920 670 790 250 30 800 540 1040 300 560 580 850 170 90 180 420 730 260 430 400 480 790 220 550 730 130 90 310 100
750 220 360 410 400 510 460 440 500 220 470 90 540 520 200 460 670 480 510 330 580 650 70 200 600 330 460 470 40 530 590 490 420 570 490 130 430 0 460 260 470 340 530 360 240 570 550 550 390 480 500 450 50 500 720 620 550 360 230 660 390 660 370 550 300 500 580 490 540 540 230 560 530 330 380 210 410 460 120 660 220 480 150 460 260 440 300 160 630 180 540 170 260 460 290 220 670 440 430 300 340
790 280 770 760 310 760 340 30 710 460 690 550 740 230 370 620 230 550 970 740 210 190 390 360 290 490 110 190 480 460 240 600 460 740 940 390 860 460 0 650 80 800 100 790 280 250 750 150 320 300 960 350 520 480 260 160 150 780 280 200 810 220 820 130 180 650 430 150 300 310 230 1020 540 230 80 680 850 170 340 200 680 570 320 490 720 890 760 580 600 600 760 600 640 610 760 540 680 890 890 750 790
1000 370 120 570 460 280 720 640 310 200 270 270 340 770 290 320 830 740 420 80 820 820 300 290 850 270 610 590 280 800 710 750 380 800 450 400 480 260 650 0 690 290 740 440 500 820 350 770 440 740 480 480 230 460 880 820 770 140 490 850 160 870 210 770 470 740 850 620 800 600 470 510 460 590 570 240 440 700 340 860 180 730 330 400 320 440 290 110 900 340 750 110 10 320 260 120 930 410 430 180 370
720 330 810 730 380 820 270 60 780 520 750 560 810 150 420 690 270 490 980 770 130 210 410 410 200 550 190 270 490 390 310 540 540 680 950 380 850 470 80 690 0 810 50 780 260 170 820 80 400 220 960 430 530 560 290 150 80 820 260 210 850 180 850 70 240 590 350 230 210 390 240 1020 620 190 130 690 840 90 360 190 700 510 360 570 720 890 770 610 530 600 710 630 680 680 770 590 600 900 890 770 800
880 550 240 370 700 550 740 780 590 440 560 250 620 830 490 610 1010 670 170 250 910 990 410 490 910 540 790 800 310 770 920 650 660 650 160 430 200 340 800 290 810 0 870 190 550 890 630 880 680 770 190 730 280 740 1060 960 880 210 550 1000 230 990 120 890 630 620 850 820 840 840 570 230 750 650 720 120 170 780 460 1000 130 650 480 680 120 150 50 260 830 240 580 230 300 610 40 380 840 120 140 110 110
750 370 860 780 410 860 310 100 810 560 790 610 840 160 460 720 230 530 1040 820 110 170 460 450 200 590 200 280 550 420 300 580 570 720 1000 440 910 530 100 740 50 870 0 840 320 170 850 50 420 260 1010 450 590 580 240 100 50 870 320 160 900 130 900 30 280 630 370 230 230 390 290 1080 640 240 170 740 900 130 420 130 750 550 410 590 780 950 830 660 560 650 760 680 730 720 820 640 630 950 940 830 850
710 590 430 180 770 730 640 770 750 550 720 260 780 770 560 750 1020 520 280 430 850 980 430 560 830 660 810 830 320 650 950 500 770 470 200 400 70 360 790 440 780 190 840 0 510 820 800 840 750 690 190 810 320 850 1060 940 840 400 510 990 420 960 320 850 650 460 730 840 760 900 560 270 870 600 720 200 70 730 470 970 260 500 520 800 120 140 160 370 680 190 390 350 450 750 200 500 680 170 140 290 80
610 230 600 470 400 700 230 250 680 380 640 300 710 280 290 610 510 330 720 570 350 470 200 280 350 460 340 390 250 320 490 370 510 490 680 120 580 240 280 500 260 550 320 510 0 330 730 320 400 240 690 460 290 560 550 420 320 600 10 480 630 440 610 330 210 400 360 380 300 490 80 760 610 90 220 430 580 220 170 460 450 340 200 540 460 630 510 400 450 330 500 410 490 600 510 420 510 630 620 530 530
600 470 920 730 550 970 190 230 940 660 910 630 970 50 560 860 380 410 1050 890 70 320 520 550 30 710 360 440 580 280 470 470 710 610 1000 450 890 570 250 820 170 890 170 820 330 0 980 110 570 140 1010 610 630 730 380 230 110 930 340 300 960 190 940 140 390 530 220 400 80 560 350 1080 790 240 290 770 890 120 480 240 790 440 490 740 780 950 840 720 410 650 660 740 810 850 850 730 490 960 940 870 850
1310 510 400 920 460 80 950 760 50 350 80 600 10 940 430 130 850 1030 730 380 960 870 540 440 1020 270 670 610 580 1050 690 1050 300 1120 780 670 830 550 750 350 820 630 850 800 730 980 0 900 440 950 810 430 540 320 900 900 900 430 710 900 430 970 530 890 590 1060 1080 660 990 550 660 830 280 790 690 590 790 860 560 940 530 1030 520 280 670 780 640 440 1170 680 1090 450 340 140 610 330 1220 740 770 520 730
700 410 890 770 460 900 270 140 860 600 830 620 890 120 500 770 270 490 1050 850 50 210 490 490 150 630 260 330 560 380 350 550 610 690 1010 450 910 550 150 770 80 880 50 840 320 110 900 0 470 220 1020 500 600 630 280 130 0 890 330 200 920 120 920 30 320 600 320 290 180 450 310 1090 690 240 210 760 900 100 440 140 770 520 430 640 780 960 840 690 510 660 730 700 760 760 840 670 590 960 950 850 860
1010 180 560 800 20 450 590 330 400 240 380 480 430 530 190 310 420 740 840 530 530 430 330 190 600 190 230 170 430 700 270 770 140 890 850 420 810 390 320 440 400 680 420 750 400 570 440 470 0 570 870 60 430 170 470 460 470 580 390 460 600 530 650 450 190 800 710 220 590 160 320 920 220 430 270 570 790 460 300 500 550 750 250 170 640 810 660 420 840 570 880 440 430 300 640 320 910 800 800 590 720
490 430 840 590 560 930 50 270 900 610 870 520 940 100 510 830 490 270 930 810 200 430 440 500 140 670 410 480 480 160 540 330 700 470 880 350 760 480 300 740 220 770 260 690 240 140 950 220 570 0 880 620 530 740 500 350 220 840 250 420 870 320 840 250 370 390 140 450 70 600 280 950 790 150 300 650 760 130 400 360 680 300 430 730 660 820 720 640 300 530 520 650 730 820 730 660 380 830 810 760 720
890 730 410 360 890 730 840 940 780 640 750 410 800 960 670 800 1180 720 120 430 1040 1150 580 680 1030 730 970 970 470 850 1100 690 850 650 30 570 140 500 960 480 960 190 1010 190 690 1010 810 1020 870 880 0 920 450 930 1220 1110 1020 380 690 1160 390 1140 280 1030 800 650 930 990 950 1030 720 70 940 780 880 290 120 920 620 1150 320 700 660 880 240 60 210 450 870 360 570 430 490 800 230 570 870 70 70 300 160
1070 240 600 860 50 450 640 370 390 280 380 540 420 580 250 300 420 800 890 560 560 440 390 250 640 220 250 180 490 760 250 830 130 950 900 480 870 450 350 480 430 730 450 810 460 610 430 500 60 620 920 0 480 130 470 470 500 620 450 470 640 550 690 480 250 860 760 230 640 130 380 970 180 480 320 630 840 500 360 510 600 800 310 150 700 860 710 470 900 630 940 490 470 290 690 360 960 850 860 640 780
770 270 310 390 440 490 510 500 500 230 460 60 530 570 230 460 730 510 450 280 640 700 120 230 650 340 510 520 50 570 640 520 450 580 430 180 380 50 520 230 530 280 590 320 290 630 540 600 430 530 450 480 0 530 770 680 600 310 280 720 340 720 310 610 350 510 630 540 590 580 290 510 550 390 440 160 360 510 170 720 160 500 200 480 210 390 240 120 660 150 540 120 220 460 240 210 700 380 380 240 290
1170 330 570 920 180 360 760 500 290 300 290 590 310 700 310 210 540 900 880 540 690 560 450 310 770 190 380 310 540 870 370 930 80 1040 900 570 900 500 480 460 560 740 580 850 560 730 320 630 170 740 930 130 530 0 590 600 630 590 550 590 610 680 680 610 360 960 880 360 760 230 480 970 50 600 440 650 870 630 440 640 610 910 390 50 730 880 730 480 1010 680 1030 500 450 200 700 360 1070 860 870 640 800
980 510 1000 1020 450 920 550 290 870 680 850 810 890 400 590 770 50 770 1230 970 310 70 650 580 400 670 260 300 750 660 220 820 600 970 1210 660 1130 720 260 880 290 1060 240 1060 550 380 900 280 470 500 1220 470 770 590 0 150 280 1020 540 80 1040 200 1070 250 420 880 600 260 460 360 500 1280 640 480 340 940 1110 370 600 140 930 790 570 620 980 1160 1020 830 790 870 1000 850 870 760 1010 760 870 1160 1150 1000 1060
830 440 940 890 440 910 400 180 860 630 840 710 890 250 530 770 140 620 1130 900 160 80 550 520 260 640 230 290 640 510 270 680 600 820 1100 540 1010 620 160 820 150 960 100 940 420 230 900 130 460 350 1110 470 680 600 150 0 130 950 420 70 980 80 980 100 350 730 450 240 310 390 390 1180 650 340 240 840 1000 230 500 40 840 650 490 620 870 1050 920 750 640 750 860 760 800 760 920 710 720 1050 1040 910 950
700 410 890 770 460 900 270 140 860 600 830 620 890 120 500 770 270 490 1050 850 50 210 490 490 150 630 260 330 560 380 350 550 610 690 1010 450 910 550 150 770 80 880 50 840 320 110 900 0 470 220 1020 500 600 630 280 130 0 890 330 200 920 120 920 30 320 600 320 290 180 450 310 1090 690 240 210 760 900 100 440 140 770 520 430 640 780 960 840 690 510 660 730 700 760 760 840 670 590 960 950 850 860
1040 510 30 560 600 350 820 770 400 340 370 320 420 880 420 430 970 800 300 50 930 960 410 430 960 410 750 730 360 870 850 800 520 820 350 490 420 360 780 140 820 210 870 400 600 930 430 890 580 840 380 620 310 590 1020 950 890 0 590 980 30 1000 100 890 600 780 940 760 900 750 580 400 590 690 700 230 380 810 450 990 170 790 460 540 290 350 240 200 960 370 760 190 150 430 200 260 980 320 340 110 320
620 220 590 480 390 680 240 250 660 360 630 290 700 280 280 600 510 340 720 560 350 470 190 270 360 450 330 380 240 330 480 380 490 500 680 120 580 230 280 490 260 550 320 510 10 340 710 330 390 250 690 450 280 550 540 420 330 590 0 480 620 440 600 340 200 410 370 370 310 480 70 760 600 100 210 430 570 230 150 450 450 350 180 530 450 630 510 390 460 330 510 400 480 590 510 410 520 630 620 530 530
900 470 970 950 440 910 470 220 860 650 840 750 890 320 550 770 80 690 1170 930 230 30 590 550 320 650 230 290 690 580 230 740 600 890 1150 590 1060 660 200 850 210 1000 160 990 480 300 900 200 460 420 1160 470 720 590 80 70 200 980 480 0 1010 130 1020 170 380 800 520 240 380 370 430 1230 640 410 280 880 1050 290 540 70 880 720 520 620 920 1100 970 780 710 800 930 800 830 760 960 730 790 1100 1090 950 1000
1070 530 40 580 620 350 850 800 400 370 370 350 420 910 450 430 1000 830 300 70 960 980 430 460 980 420 780 750 390 900 870 820 540 850 350 520 430 390 810 160 850 230 900 420 630 960 430 920 600 870 390 640 340 610 1040 980 920 30 620 1010 0 1030 100 920 630 810 970 790 930 770 610 400 600 720 730 250 390 840 480 1020 200 810 490 550 320 360 260 230 990 390 790 220 170 440 220 280 1010 320 350 130 340
790 500 990 890 510 980 370 220 930 690 910 740 960 220 590 840 210 600 1160 950 120 150 590 580 210 710 300 370 680 470 350 650 670 800 1130 570 1030 660 220 870 180 990 130 960 440 190 970 120 530 320 1140 550 720 680 200 80 120 1000 440 130 1030 0 1030 100 400 710 410 320 270 470 420 1210 730 360 290 870 1020 220 550 50 880 620 540 700 900 1070 950 790 600 780 840 810 860 830 950 760 680 1080 1070 960 980
990 550 130 490 670 450 810 810 500 410 470 310 520 890 480 520 1020 770 200 150 950 1000 430 480 970 490 800 790 360 860 910 760 600 760 250 490 330 370 820 210 850 120 900 320 610 940 530 920 650 840 280 690 310 680 1070 980 920 100 600 1020 100 1030 0 920 640 730 930 820 900 820 600 300 680 700 740 190 290 830 480 1020 150 750 490 620 230 260 160 240 930 330 700 220 230 520 130 330 940 220 250 70 240
730 400 880 790 440 890 300 130 840 590 820 630 870 150 490 760 240 520 1050 850 80 180 490 480 180 620 230 310 570 410 320 570 600 720 1020 460 920 550 130 770 70 890 30 850 330 140 890 30 450 250 1030 480 610 610 250 100 30 890 340 170 920 100 920 0 310 630 360 260 210 420 310 1100 670 250 200 760 910 130 440 120 770 540 430 620 790 970 840 690 540 670 760 700 760 750 840 660 620 970 960 850 870
810 90 590 660 190 580 390 180 540 280 510 390 570 350 180 460 380 550 800 550 370 360 220 170 430 310 160 180 330 510 300 580 320 710 790 270 720 300 180 470 240 630 280 650 210 390 590 320 190 370 800 250 350 360 420 350 320 600 200 380 630 400 640 310 0 620 510 190 400 280 130 860 410 230 110 510 700 270 180 390 500 560 140 350 560 740 600 400 650 460 710 420 450 450 590 360 710 740 730 570 640
260 620 790 290 800 1010 330 620 1010 710 970 470 1040 490 660 960 860 110 740 770 590 810 520 650 520 820 730 790 470 260 880 60 890 90 660 390 510 500 650 740 590 620 630 460 400 530 1060 600 800 390 650 860 510 960 880 730 600 780 410 800 810 710 730 630 620 0 350 770 450 900 490 720 1000 420 610 550 530 500 520 750 600 80 570 930 500 600 570 630 230 410 130 630 740 960 600 720 220 630 600 670 530
380 570 940 610 700 1060 130 410 1030 730 1000 620 1070 210 640 960 600 240 990 910 290 530 560 630 200 810 540 620 580 90 670 290 840 420 930 450 800 580 430 850 350 850 370 730 360 220 1080 320 710 140 930 760 630 880 600 450 320 940 370 520 970 410 930 360 510 350 0 580 140 740 420 1000 930 290 440 740 800 260 530 460 780 260 550 870 730 870 800 740 190 600 490 750 840 950 810 780 270 890 870 860 780
930 260 750 840 200 670 480 170 620 420 600 580 650 380 340 530 210 680 990 710 350 210 410 330 430 410 40 50 520 600 110 720 360 860 980 460 910 490 150 620 230 820 230 840 380 400 660 290 220 450 990 230 540 360 260 240 290 760 370 240 790 320 820 260 190 770 580 0 450 160 300 1050 410 350 160 700 900 310 370 280 690 700 330 380 760 930 790 580 750 650 880 600 610 520 780 510 820 930 920 750 840
520 470 900 660 580 970 120 270 940 650 910 590 980 60 560 860 450 330 1000 870 150 390 500 550 70 710 410 480 540 200 530 390 730 530 950 410 830 540 300 800 210 840 230 760 300 80 990 180 590 70 950 640 590 760 460 310 180 900 310 380 930 270 900 210 400 450 140 450 0 610 330 1020 810 210 320 720 830 130 460 320 750 360 470 760 730 890 790 700 330 600 580 710 790 860 800 710 410 900 890 830 800
1080 310 720 930 140 580 640 330 520 400 510 630 540 540 350 430 310 820 1000 690 510 330 470 340 600 350 190 120 570 760 140 860 260 990 1010 550 970 540 310 600 390 840 390 900 490 560 550 450 160 600 1030 130 580 230 360 390 450 750 480 370 770 470 820 420 280 900 740 160 610 0 410 1080 280 490 300 730 940 470 430 420 710 830 380 260 800 970 820 580 900 720 990 610 590 420 800 480 970 960 960 760 880
690 150 580 540 320 640 290 210 610 320 580 320 650 300 220 540 460 420 740 540 350 420 170 210 380 390 260 310 250 390 410 450 430 570 710 160 630 230 230 470 240 570 290 560 80 350 660 310 320 280 720 380 290 480 500 390 310 580 70 430 610 420 600 310 130 490 420 300 330 410 0 790 530 130 160 450 610 230 130 420 460 420 140 460 480 660 530 380 530 370 580 390 460 530 530 380 590 660 650 530 560
960 780 430 430 930 750 910 1000 800 680 770 470 820 1030 730 820 1240 790 100 450 1110 1210 630 730 1100 770 1030 1030 530 920 1150 760 890 720 70 640 210 560 1020 510 1020 230 1080 270 760 1080 830 1090 920 950 70 970 510 970 1280 1180 1090 400 760 1230 400 1210 300 1100 860 720 1000 1050 1020 1080 790 0 970 850 940 350 190 990 680 1210 370 770 720 910 300 130 260 490 950 430 640 470 520 820 270 610 940 120 130 330 230
1220 380 560 940 230 330 810 550 260 320 260 610 280 760 340 180 590 940 880 530 750 610 490 340 820 210 430 360 570 920 420 970 100 1080 910 600 920 530 540 460 620 750 640 870 610 790 280 690 220 790 940 180 550 50 640 650 690 590 600 640 600 730 680 670 410 1000 930 410 810 280 530 970 0 650 490 670 890 680 470 690 620 950 420 70 750 890 740 500 1060 700 1060 520 450 170 710 370 1120 870 880 640 820
590 280 690 540 420 770 160 200 740 450 710 390 780 180 350 670 450 320 810 660 260 400 290 340 260 520 310 370 340 270 460 370 550 510 770 210 670 330 230 590 190 650 240 600 90 240 790 240 430 150 780 480 390 600 480 340 240 690 100 410 720 360 700 250 230 420 290 350 210 490 130 850 650 0 190 530 660 130 250 380 550 340 270 580 550 720 600 490 410 420 530 500 580 660 610 500 480 720 710 630 620
780 200 690 690 260 690 330 70 650 390 620 470 680 260 290 560 300 520 890 660 260 260 310 280 330 420 120 180 410 450 270 560 410 700 870 320 790 380 80 570 130 720 170 720 220 290 690 210 270 300 880 320 440 440 340 240 210 700 210 280 730 290 740 200 110 610 440 160 320 300 160 940 490 190 0 600 770 180 260 280 600 530 240 440 640 820 680 500 590 530 720 520 560 550 680 470 670 820 810 670 720
810 430 250 340 590 520 620 660 550 350 510 130 580 710 380 540 890 580 290 240 790 870 290 380 790 460 680 680 190 670 800 570 570 590 270 310 250 210 680 240 690 120 740 200 430 770 590 760 570 650 290 630 160 650 940 840 760 230 430 880 250 870 190 760 510 550 740 700 720 730 450 350 670 530 600 0 220 660 330 880 60 560 370 600 80 230 80 170 740 140 530 150 240 540 80 300 750 220 220 120 150
770 630 410 240 800 720 720 820 750 570 720 310 780 840 590 760 1080 600 210 410 920 1040 480 600 900 680 870 880 370 720 1000 570 790 530 130 460 30 410 850 440 840 170 900 70 580 890 790 900 790 760 120 840 360 870 1110 1000 900 380 570 1050 390 1020 290 910 700 530 800 900 830 940 610 190 890 660 770 220 0 800 520 1030 270 570 560 820 140 70 150 390 750 240 460 370 450 760 180 520 750 100 70 270 70
620 350 810 660 450 850 180 140 820 540 790 530 850 70 440 740 360 400 950 770 120 300 400 430 150 590 280 350 470 290 400 450 590 590 910 350 800 460 170 700 90 780 130 730 220 120 860 100 460 130 920 500 510 630 370 230 100 810 230 290 840 220 830 130 270 500 260 310 130 470 230 990 680 130 180 660 800 0 360 250 680 420 370 630 680 850 740 610 430 560 630 620 690 730 740 610 510 860 850 760 760
750 120 440 500 310 530 400 320 510 210 480 210 540 430 130 450 550 480 630 410 480 530 50 130 510 300 340 350 150 490 470 500 370 600 610 130 540 120 340 340 360 460 420 470 170 480 560 440 300 400 620 360 170 440 600 500 440 450 150 540 480 550 480 440 180 520 530 370 460 430 130 680 470 250 260 330 520 360 0 540 330 480 50 400 380 560 420 250 610 280 590 260 330 440 410 250 660 560 550 410 460
840 480 980 920 480 950 410 210 900 670 880 740 930 260 570 810 150 640 1170 940 170 90 590 560 260 680 270 330 680 520 300 690 640 840 1140 580 1040 660 200 860 190 1000 130 970 460 240 940 140 500 360 1150 510 720 640 140 40 140 990 450 70 1020 50 1020 120 390 750 460 280 320 420 420 1210 690 380 280 880 1030 250 540 0 880 660 530 660 910 1080 960 790 650 790 880 800 850 800 960 750 730 1090 1080 950 990
870 420 180 400 560 460 660 660 490 310 450 160 520 740 360 490 890 630 290 170 800 860 280 360 810 410 670 660 200 710 790 620 530 650 300 330 300 220 680 180 700 130 750 260 450 790 530 770 550 680 320 600 160 610 930 840 770 170 450 880 200 880 150 770 500 600 780 690 750 710 460 370 620 550 600 60 270 680 330 880 0 610 360 550 140 270 120 120 790 190 590 100 180 490 90 250 810 250 260 80 200
270 570 800 350 750 990 250 540 980 680 950 470 1020 400 610 930 780 20 780 780 500 720 480 610 430 780 650 720 450 170 800 30 840 170 700 360 560 480 570 730 510 650 550 500 340 440 1030 520 750 300 700 800 500 910 790 650 520 790 350 720 810 620 750 540 560 80 260 700 360 830 420 770 950 340 530 560 570 420 480 660 610 0 520 880 530 640 600 620 180 420 220 620 730 920 620 700 190 670 640 690 570
800 70 450 550 260 500 420 310 470 180 440 250 510 440 90 410 530 520 650 410 480 500 80 80 520 260 310 310 190 520 430 550 320 650 640 180 580 150 320 330 360 480 410 520 200 490 520 430 250 430 660 310 200 390 570 490 430 460 180 520 490 540 490 430 140 570 550 330 470 380 140 720 420 270 240 370 560 370 50 530 360 520 0 350 420 600 450 250 650 330 640 270 320 400 440 240 700 590 590 430 500
1150 310 510 870 180 310 750 500 250 250 240 540 270 700 270 160 570 880 820 480 700 590 410 270 770 140 390 330 500 860 400 900 30 1010 850 530 850 460 490 400 570 680 590 800 540 740 280 640 170 730 880 150 480 50 620 620 640 540 530 620 550 700 620 620 350 930 870 380 760 260 460 910 70 580 440 600 820 630 400 660 550 880 350 0 680 830 670 430 990 630 990 450 390 150 650 300 1050 800 820 580 750
760 490 310 260 660 600 620 700 630 430 600 170 660 730 450 630 940 550 260 310 810 910 340 450 800 540 730 740 230 650 860 530 650 530 220 330 170 260 720 320 720 120 780 120 460 780 670 780 640 660 240 700 210 730 980 870 780 290 450 920 320 900 230 790 560 500 730 760 730 800 480 300 750 550 640 80 140 680 380 910 140 530 420 680 0 170 70 250 710 130 470 230 320 620 90 380 720 170 170 180 80
840 670 380 310 830 700 780 870 740 580 710 350 770 890 620 760 1120 660 140 390 980 1090 510 620 960 690 910 910 410 790 1040 640 800 600 60 500 90 440 890 440 890 150 950 140 630 950 780 960 810 820 60 860 390 880 1160 1050 960 350 630 1100 360 1070 260 970 740 600 870 930 890 970 660 130 890 720 820 230 70 850 560 1080 270 640 600 830 170 0 150 400 820 290 520 370 450 760 180 520 820 40 10 260 90
830 520 260 330 680 570 690 740 600 430 570 210 630 790 460 610 980 620 210 260 860 950 370 470 860 530 760 770 270 720 890 600 650 600 180 380 180 300 760 290 770 50 830 160 510 840 640 840 660 720 210 710 240 730 1020 920 840 240 510 970 260 950 160 840 600 570 800 790 790 820 530 260 740 600 680 80 150 740 420 960 120 600 450 670 70 150 0 240 780 190 540 220 300 610 30 370 790 130 140 130 80
890 310 200 480 440 380 620 570 390 180 360 160 430 670 240 380 780 630 410 170 730 760 200 240 750 290 560 550 170 690 670 640 400 690 420 290 420 160 580 110 610 260 660 370 400 720 440 690 420 640 450 470 120 480 830 750 690 200 390 780 230 790 240 690 400 630 740 580 700 580 380 490 500 490 500 170 390 610 250 790 120 620 250 430 250 400 240 0 780 240 650 20 100 380 220 130 820 370 390 170 320
190 680 970 520 840 1140 260 570 1120 820 1090 630 1160 390 740 1060 780 160 960 940 480 720 620 730 390 910 710 780 610 140 840 180 960 270 880 500 730 630 600 900 530 830 560 680 450 410 1170 510 840 300 870 900 660 1010 790 640 510 960 460 710 990 600 930 540 650 230 190 750 330 900 530 950 1060 410 590 740 750 430 610 650 790 180 650 990 710 820 780 780 0 590 350 790 890 1050 800 850 80 850 820 860 750
670 400 380 240 580 620 500 580 640 380 600 90 670 600 380 610 830 430 390 360 680 790 240 380 670 500 620 640 140 530 760 430 600 450 350 210 260 180 600 340 600 240 650 190 330 650 680 660 570 530 360 630 150 680 870 750 660 370 330 800 390 780 330 670 460 410 600 650 600 720 370 430 700 420 530 140 240 560 280 790 190 420 330 630 130 290 190 240 590 0 410 230 340 610 210 360 610 300 290 260 200
320 700 780 210 890 1030 470 730 1040 760 1000 490 1070 620 720 1010 980 250 670 770 720 930 570 710 660 870 840 890 500 400 990 200 960 80 580 460 430 540 760 750 710 580 760 390 500 660 1090 730 880 520 570 940 540 1030 1000 860 730 760 510 930 790 840 700 760 710 130 490 880 580 990 580 640 1060 530 720 530 460 630 590 880 590 220 640 990 470 520 540 650 350 410 0 640 750 1000 570 760 310 560 530 650 480
890 330 190 470 460 390 630 590 410 210 370 150 440 680 260 400 800 630 390 160 740 780 210 260 760 310 580 570 170 690 690 640 420 680 400 300 400 170 600 110 630 230 680 350 410 740 450 700 440 650 430 490 120 500 850 760 700 190 400 800 220 810 220 700 420 630 750 600 710 610 390 470 520 500 520 150 370 620 260 800 100 620 270 450 230 370 220 20 790 230 640 0 110 390 190 150 820 350 360 150 300
1000 360 130 570 450 280 720 630 300 190 270 270 330 760 270 310 820 740 430 100 800 810 290 280 840 250 600 580 270 790 690 740 370 800 460 390 480 260 640 10 680 300 730 450 490 810 340 760 430 730 490 470 220 450 870 800 760 150 480 830 170 860 230 760 450 740 840 610 790 590 460 520 450 580 560 240 450 690 330 850 180 730 320 390 320 450 300 100 890 340 750 110 0 310 270 100 930 420 440 190 380
1200 380 400 850 320 160 830 620 100 240 90 520 130 800 310 10 710 920 730 370 820 730 430 320 880 140 530 470 490 930 550 940 160 1030 770 560 790 460 610 320 680 610 720 750 600 850 140 760 300 820 800 290 460 200 760 760 760 430 590 760 440 830 520 750 450 960 950 520 860 420 530 820 170 660 550 540 760 730 440 800 490 920 400 150 620 760 610 380 1050 610 1000 390 310 0 580 250 1110 730 750 500 690
860 510 230 360 660 530 700 740 570 410 530 210 590 790 450 580 970 640 210 230 870 940 360 450 870 500 750 750 270 740 880 630 620 630 200 390 220 290 760 260 770 40 820 200 510 850 610 840 640 730 230 690 240 700 1010 920 840 200 510 960 220 950 130 840 590 600 810 780 800 800 530 270 710 610 680 80 180 740 410 960 90 620 440 650 90 180 30 220 800 210 570 190 270 580 0 340 810 150 170 90 120
980 260 240 600 340 280 650 540 280 80 240 270 310 680 170 250 720 710 520 200 720 710 220 180 760 160 500 470 250 740 590 720 280 790 540 340 550 220 540 120 590 380 640 500 420 730 330 670 320 660 570 360 210 360 760 710 670 260 410 730 280 760 330 660 360 720 780 510 710 480 380 610 370 500 470 300 520 610 250 750 250 700 240 300 380 520 370 130 850 360 760 150 100 250 340 0 890 500 510 280 450
110 740 990 510 900 1180 330 650 1170 870 1140 660 1210 470 790 1110 860 180 960 970 560 800 670 790 470 960 780 850 650 210 920 180 1020 230 880 550 730 670 680 930 600 840 630 680 510 490 1220 590 910 380 870 960 700 1070 870 720 590 980 520 790 1010 680 940 620 710 220 270 820 410 970 590 940 1120 480 670 750 750 510 660 730 810 190 700 1050 720 820 790 820 80 610 310 820 930 1110 810 890 0 850 820 880 750
870 660 340 340 810 670 790 870 710 560 680 340 730 900 600 730 1110 690 110 360 990 1080 510 610 970 660 900 900 410 810 1030 670 780 630 50 510 130 440 890 410 900 120 950 170 630 960 740 960 800 830 70 850 380 860 1160 1050 960 320 630 1100 320 1080 220 970 740 630 890 930 900 960 660 120 870 720 820 220 100 860 560 1090 250 670 590 800 170 40 130 370 850 300 560 350 420 730 150 500 850 0 30 230 100
840 660 370 310 820 690 770 860 730 570 700 340 760 890 610 750 1110 660 140 380 970 1080 510 610 960 680 900 910 400 780 1030 640 790 600 60 500 90 430 890 430 890 140 940 140 620 940 770 950 800 810 70 860 380 870 1150 1040 950 340 620 1090 350 1070 250 960 730 600 870 920 890 960 650 130 880 710 810 220 70 850 550 1080 260 640 590 820 170 10 140 390 820 290 530 360 440 750 170 510 820 30 0 250 90
940 480 130 450 610 440 740 730 480 350 450 240 500 820 410 500 950 700 240 130 880 930 360 420 890 440 730 720 280 790 840 690 560 710 270 410 310 300 750 180 770 110 830 290 530 870 520 850 590 760 300 640 240 640 1000 910 850 110 530 950 130 960 70 850 570 670 860 750 830 760 530 330 640 630 670 120 270 760 410 950 80 690 430 580 180 260 130 170 860 260 650 150 190 500 90 280 880 230 250 0 210
780 570 340 260 740 650 690 770 690 500 650 250 710 800 530 690 1020 590 210 350 880 990 420 530 870 610 810 820 310 700 940 570 720 550 150 410 100 340 790 370 800 110 850 80 530 850 730 860 720 720 160 780 290 800 1060 950 860 320 530 1000 340 980 240 870 640 530 780 840 800 880 560 230 820 620 720 150 70 760 460 990 200 570 500 750 80 90 80 320 750 200 480 300 380 690 120 450 750 100 90 210 0
