100
56077 56117 10
54886 54916 15
44446 44486 10
16781 16801 10
21556 21606 10
38698 38748 10
17542 17552 5
8641 8691 10
26741 26751 10
885 905 10
47427 47437 15
45796 45816 10
32012 32062 10
55407 55457 20
9896 9926 5
7474 7494 10
50051 50071 15
40940 40960 10
27062 27102 5
51796 51826 15
21281 21291 5
31196 31236 5
46473 46513 5
18596 18636 15
42920 42960 20
13886 13936 5
22366 22376 20
19930 19980 15
48266 48286 5
28204 28234 5
46987 47037 20
25251 25271 5
4393 4443 15
30508 30518 15
27235 27285 15
41643 41663 15
19432 19472 5
6156 6196 20
17811 17851 15
34778 34828 5
30122 30172 15
23047 23097 20
1464 1484 15
28660 28670 5
7299 7329 10
55557 55607 5
13152 13172 5
18077 18097 15
32885 32935 5
55248 55258 15
15856 15906 20
2590 2640 10
25943 25953 20
7657 7707 20
46779 46829 10
24375 24425 15
23602 23652 5
21818 21838 15
14875 14915 20
37315 37345 20
50803 50853 15
1792 1842 20
9198 9248 15
52070 52090 15
5505 5545 15
35716 35726 15
10347 10397 15
39723 39733 20
18891 18941 20
1934 1974 10
27615 27645 20
39969 39979 5
14134 14144 10
42103 42113 5
10921 10931 5
3320 3330 10
7868 7918 10
56625 56665 20
43986 44006 15
37744 37794 15
20597 20617 5
48934 48974 20
39490 39540 20
43926 43936 20
26574 26594 10
29566 29596 15
11593 11643 20
6649 6659 5
43201 43231 10
23915 23965 15
28838 28848 5
49622 49662 10
36753 36793 10
53910 53920 5
53479 53489 5
33681 33701 5
12201 12211 10
22283 22293 15
52491 52501 15
45131 45141 15
0 770 720 750 1080 760 910 1040 490 700 890 830 320 1050 520 1290 840 1260 320 690 840 580 270 810 1150 1220 750 1010 600 240 810 610 780 960 880 630 840 800 730 980 190 530 830 890 1000 760 620 110 730 750 380 260 250 1200 860 760 700 1060 620 1200 890 710 670 1030 580 730 990 1010 960 1310 790 270 1120 980 440 870 930 770 1170 840 940 670 900 890 870 790 590 960 780 1260 750 1070 880 900 890 1040 1220 1000 1070 980 970
770 0 530 50 580 500 700 310 530 600 120 680 570 310 590 530 380 490 540 290 720 650 510 160 480 550 380 430 630 580 350 290 290 510 280 180 270 200 60 210 660 390 240 510 220 210 510 700 50 590 630 510 520 460 240 120 600 340 280 460 230 320 640 640 570 610 310 440 230 540 720 500 450 450 510 160 540 360 530 390 240 150 430 120 380 520 390 520 440 500 170 340 230 720 450 280 460 230 480 770 730
720 530 0 470 390 60 210 820 220 80 610 150 390 810 210 810 890 820 710 240 190 200 490 690 570 620 850 400 170 680 240 260 800 1020 810 380 330 360 560 590 530 730 770 190 680 720 90 600 490 50 350 590 540 680 770 410 80 550 260 690 420 780 130 310 150 70 850 380 520 820 180 510 540 980 270 700 230 840 560 890 770 600 950 630 900 80 190 270 130 780 360 850 410 210 960 770 750 690 430 290 270
750 50 470 0 540 440 650 360 480 550 160 620 530 360 540 540 430 510 540 230 660 600 480 210 460 530 430 390 570 570 300 240 340 560 340 130 220 150 90 220 630 410 300 460 260 260 460 670 40 530 580 500 490 460 290 70 550 330 230 460 200 360 580 590 520 550 370 400 220 550 660 480 420 510 460 220 490 410 500 440 300 180 490 170 440 460 330 470 380 500 120 390 200 660 500 330 470 260 450 720 670
1080 580 390 540 0 330 330 750 600 450 580 390 760 720 610 540 960 580 990 410 420 600 820 730 260 280 970 160 560 990 280 490 880 1080 840 550 310 380 630 480 900 930 820 190 590 800 470 970 570 390 740 900 860 420 800 470 450 350 480 430 350 900 510 140 540 420 820 140 400 550 470 830 260 1000 640 710 160 940 230 970 760 720 1010 610 960 310 490 120 300 520 430 770 340 370 1030 690 510 600 130 360 310
760 500 60 440 330 0 210 770 270 140 570 180 430 760 270 750 860 760 730 210 210 270 520 660 500 550 840 330 230 710 180 250 770 1000 780 370 270 310 530 540 570 730 740 130 630 700 140 650 460 100 410 620 570 620 740 370 140 490 250 630 360 770 190 260 210 130 810 320 460 760 220 540 470 950 310 660 170 820 500 870 730 580 920 590 870 30 200 210 70 710 320 800 350 220 940 730 690 640 370 290 260
910 700 210 650 330 210 0 960 430 210 760 80 590 940 390 860 1080 880 930 420 90 340 700 870 590 610 1050 430 320 890 360 470 990 1210 990 580 450 500 740 710 720 940 950 210 810 910 300 800 670 170 530 810 750 730 940 580 210 620 470 740 530 980 250 200 330 180 1000 410 620 870 150 720 570 1160 480 860 210 1040 560 1090 930 790 1130 780 1080 190 400 260 260 830 530 980 520 30 1150 910 810 820 440 70 60
1040 310 820 360 750 770 960 0 840 890 200 950 870 30 900 420 340 350 760 580 990 960 800 230 540 590 420 580 930 820 600 600 320 400 210 490 510 460 320 260 960 560 240 750 150 290 810 980 360 870 940 780 800 430 200 410 890 410 590 430 420 400 930 850 880 890 100 600 340 430 1000 790 520 300 820 170 760 380 590 350 110 370 350 190 320 780 690 730 700 400 450 30 430 980 380 50 370 140 620 1020 970
490 530 220 480 600 270 430 840 0 220 640 350 160 840 70 940 810 930 520 280 360 140 270 650 730 790 760 570 140 470 370 240 720 950 770 350 430 430 520 660 300 590 720 410 730 660 130 380 480 260 140 390 330 820 730 440 220 670 250 830 510 690 200 540 100 250 840 560 610 950 320 300 700 930 50 680 450 760 740 820 760 530 880 650 830 300 150 480 300 900 400 870 500 420 880 810 870 740 620 500 490
700 600 80 550 450 140 210 890 220 0 690 130 380 890 180 890 950 900 730 310 140 150 490 760 640 690 910 470 110 690 320 320 860 1090 880 450 410 430 620 670 510 770 840 260 760 780 100 590 560 50 320 600 550 760 840 490 0 630 330 770 500 840 50 350 120 30 920 460 600 900 120 520 610 1050 270 770 290 900 630 960 850 660 1010 700 960 150 240 330 210 860 440 920 490 200 1020 850 830 770 500 280 270
890 120 610 160 580 570 760 200 640 690 0 750 690 200 700 430 390 380 650 380 790 750 630 170 430 500 420 420 720 690 400 400 320 490 260 290 310 250 160 130 780 480 240 560 100 250 610 820 170 660 740 630 640 380 220 200 690 290 390 380 240 370 730 670 670 690 240 440 180 440 790 620 400 410 620 120 580 390 480 400 170 240 420 20 370 580 490 550 500 390 250 230 240 780 450 170 360 110 470 830 780
830 680 150 620 390 180 80 950 350 130 750 0 510 940 310 890 1040 910 860 390 40 260 620 840 620 650 1010 460 230 820 350 420 950 1180 960 540 440 490 710 710 640 890 920 230 800 870 230 720 640 100 450 730 680 760 920 550 130 640 420 770 530 940 160 270 250 100 980 440 630 900 80 650 600 1130 400 840 240 1000 600 1050 910 750 1100 760 1050 160 340 290 240 860 500 980 520 70 1110 900 840 820 470 150 140
320 570 390 530 760 430 590 870 160 380 690 510 0 880 200 1040 780 1020 400 390 520 270 140 670 860 920 710 700 280 340 510 320 700 920 770 390 550 520 550 740 140 510 720 560 790 650 290 210 520 420 90 260 200 930 740 510 380 780 330 940 610 650 350 700 260 410 860 700 700 1050 470 170 820 910 120 710 600 720 870 790 790 530 850 690 810 460 270 630 450 1000 490 900 610 580 850 850 970 800 760 660 650
1050 310 810 360 720 760 940 30 840 890 200 940 880 0 900 390 370 320 780 580 980 950 810 250 510 560 440 560 920 840 590 600 340 430 240 490 490 450 330 240 970 580 260 730 130 310 810 990 360 860 940 790 810 400 230 400 890 380 590 400 410 430 930 830 870 880 130 580 320 400 990 800 490 330 820 180 750 410 570 380 130 380 380 190 340 770 690 710 690 370 440 40 420 970 410 30 340 120 600 1000 960
520 590 210 540 610 270 390 900 70 180 700 310 200 900 0 980 890 970 580 330 320 70 330 720 760 810 830 590 80 530 400 300 800 1020 840 410 470 470 590 710 330 660 790 410 790 730 130 410 540 230 140 450 390 860 800 500 180 710 310 860 560 760 150 530 60 210 900 580 650 990 270 360 730 1000 120 750 450 830 760 890 830 600 950 710 900 300 210 480 320 940 460 930 550 380 950 870 910 800 640 460 450
1290 530 810 540 540 750 860 420 940 890 430 890 1040 390 980 0 760 70 1070 650 930 1000 1020 580 270 280 820 430 970 1110 570 710 710 820 620 660 500 510 580 310 1160 910 630 660 330 660 850 1210 570 840 1070 1040 1040 130 590 530 890 260 700 120 420 780 940 680 930 870 520 450 330 10 960 1020 290 720 940 520 650 780 310 770 500 670 770 440 730 740 780 600 680 30 540 420 430 890 800 370 70 340 420 890 840
840 380 890 430 960 860 1080 340 810 950 390 1040 780 370 890 760 0 690 530 650 1080 960 660 220 820 880 90 800 940 600 730 620 90 130 140 500 660 590 340 510 820 310 140 900 440 170 850 820 400 940 870 600 640 750 170 510 950 680 620 750 610 140 970 1030 890 960 250 820 570 770 1070 640 790 140 770 260 920 70 870 10 250 290 60 360 30 890 710 910 810 730 550 350 610 1090 70 380 700 430 860 1150 1110
1260 490 820 510 580 760 880 350 930 900 380 910 1020 320 970 70 690 0 1030 640 950 1010 990 520 310 330 750 450 970 1070 580 700 650 750 550 630 500 500 540 280 1140 860 570 680 280 600 850 1180 530 860 1060 1010 1010 160 530 510 900 270 680 150 410 730 950 710 930 890 450 470 320 80 980 990 320 650 930 460 670 720 360 700 440 620 700 390 670 760 770 620 690 70 530 350 420 910 730 300 70 280 450 920 870
320 540 710 540 990 730 930 760 520 730 650 860 400 780 580 1070 530 1030 0 580 880 660 250 530 990 1060 430 880 660 80 710 500 480 640 580 460 700 640 490 760 350 210 540 840 750 470 630 310 500 760 490 130 200 1000 570 570 730 870 510 1010 720 390 720 990 620 760 700 890 760 1090 840 220 960 670 470 590 880 460 1030 520 650 410 580 640 560 760 530 890 720 1040 590 790 710 930 570 770 1000 750 940 1000 980
690 290 240 230 410 210 420 580 280 310 380 390 390 580 330 650 650 640 580 0 420 380 420 450 460 530 630 320 350 570 130 80 560 790 570 160 150 140 320 380 530 540 530 260 460 480 230 590 250 290 420 490 450 530 530 170 310 390 70 540 220 560 350 410 300 310 600 320 320 660 420 420 430 740 290 460 300 610 480 660 530 370 710 390 660 230 130 310 160 610 130 610 210 430 720 540 580 470 380 500 460
840 720 190 660 420 210 90 990 360 140 790 40 520 980 320 930 1080 950 880 420 0 260 640 880 660 690 1040 500 240 840 390 460 990 1210 1000 580 480 530 740 750 650 920 960 270 850 910 250 730 680 130 460 750 690 800 960 590 140 680 450 810 570 970 170 300 260 120 1020 480 670 940 50 660 640 1170 410 880 280 1030 640 1080 950 790 1140 800 1090 200 380 330 280 900 540 1020 560 70 1150 940 880 860 510 140 150
580 650 200 600 600 270 340 960 140 150 750 260 270 950 70 1000 960 1010 660 380 260 0 410 790 770 820 900 600 30 600 430 350 870 1100 910 480 500 520 660 760 390 740 860 400 840 800 150 470 600 200 200 520 460 880 870 550 150 740 360 890 590 830 90 500 80 180 970 590 690 1020 210 430 740 1070 190 810 430 900 770 960 890 670 1020 760 970 290 260 480 330 970 510 980 580 320 1030 920 940 850 640 400 410
270 510 490 480 820 520 700 800 270 490 630 620 140 810 330 1020 660 990 250 420 640 410 0 580 880 940 580 740 410 190 550 330 590 790 670 360 560 520 480 710 160 380 620 640 740 550 400 180 460 530 240 110 50 920 640 480 490 780 340 930 610 520 480 780 380 520 770 740 680 1030 600 20 840 800 220 630 680 600 900 660 700 430 720 630 690 550 320 700 520 980 480 830 600 690 720 790 950 740 800 770 760
810 160 690 210 730 660 870 230 650 760 170 840 670 250 720 580 220 520 530 450 880 790 580 0 600 670 250 570 770 590 510 430 150 350 120 310 430 370 130 300 740 340 80 680 240 80 660 750 190 740 740 550 570 540 80 290 760 460 430 540 380 200 790 800 710 760 190 590 350 590 870 560 570 290 620 60 700 220 650 230 120 140 270 150 220 680 530 680 600 550 330 250 380 880 290 240 510 240 630 940 890
1150 480 570 460 260 500 590 540 730 640 430 620 860 510 760 270 820 310 990 460 660 770 880 600 0 70 850 170 740 1010 350 540 750 910 680 530 310 350 540 300 990 870 670 390 390 680 630 1050 500 590 870 930 900 150 650 410 640 140 530 160 270 800 700 400 700 620 620 180 250 280 700 880 30 820 750 550 380 820 50 830 580 630 850 450 800 490 580 330 440 250 400 550 270 620 880 480 240 400 150 620 570
1220 550 620 530 280 550 610 590 790 690 500 650 920 560 810 280 880 330 1060 530 690 820 940 670 70 0 920 220 790 1080 410 610 820 970 750 600 380 420 610 370 1060 940 740 430 450 750 680 1120 570 640 930 1000 970 170 710 490 690 210 600 180 340 870 750 420 760 670 680 230 320 280 730 950 100 880 810 620 410 890 50 890 640 700 910 520 870 540 650 360 490 260 470 600 340 640 940 530 260 460 180 640 590
750 380 850 430 970 840 1050 420 760 910 420 1010 710 440 830 820 90 750 430 630 1040 900 580 250 850 920 0 810 890 510 720 580 100 210 200 470 650 580 330 550 730 220 180 880 480 170 800 730 390 910 800 510 550 790 220 500 910 710 580 790 620 70 920 1020 840 920 330 830 600 830 1030 560 820 240 710 300 910 30 900 90 310 260 150 400 130 860 670 900 790 790 540 430 620 1060 140 450 750 480 870 1130 1090
1010 430 400 390 160 330 430 580 570 470 420 460 700 560 590 430 800 450 880 320 500 600 740 570 170 220 810 0 570 890 190 400 720 920 680 420 180 250 480 320 840 800 660 230 430 640 460 910 430 420 710 800 770 300 640 330 470 190 390 310 190 750 530 270 530 450 650 20 240 440 530 750 140 840 590 550 220 790 170 810 590 570 850 440 800 320 430 170 270 400 300 600 190 460 870 530 380 440 60 470 420
600 630 170 570 560 230 320 930 140 110 720 230 280 920 80 970 940 970 660 350 240 30 410 770 740 790 890 570 0 610 390 330 850 1080 890 450 470 490 630 730 410 730 840 360 810 780 120 490 580 170 220 530 470 850 850 520 110 710 340 860 560 820 70 470 50 140 940 550 660 980 190 440 710 1050 190 790 400 890 730 950 870 650 1000 740 960 250 240 440 290 940 480 960 550 300 1010 890 910 820 610 380 380
240 580 680 570 990 710 890 820 470 690 690 820 340 840 530 1110 600 1070 80 570 840 600 190 590 1010 1080 510 890 610 0 710 490 550 720 650 470 700 650 530 790 270 290 600 820 800 530 590 230 530 720 420 90 140 1030 630 590 690 890 500 1030 730 470 680 970 580 720 760 890 790 1120 800 170 970 740 420 650 860 530 1040 600 710 450 660 680 630 740 510 870 700 1070 600 850 730 890 650 820 1040 800 950 970 950
810 350 240 300 280 180 360 600 370 320 400 350 510 590 400 570 730 580 710 130 390 430 550 510 350 410 720 190 390 710 0 210 640 860 630 270 90 140 390 360 650 660 600 160 450 560 270 710 330 280 510 620 580 450 590 220 320 310 200 460 180 650 370 300 350 310 640 190 280 590 400 560 320 800 390 500 190 700 360 740 570 460 790 420 740 180 230 180 110 540 180 630 170 380 800 550 510 470 250 420 380
610 290 260 240 490 250 470 600 240 320 400 420 320 600 300 710 620 700 500 80 460 350 330 430 540 610 580 400 330 490 210 0 530 760 550 120 230 200 300 420 450 470 510 340 490 460 220 510 250 320 360 400 370 600 510 200 320 460 10 610 290 510 350 490 280 330 610 400 380 730 440 340 510 720 230 450 380 580 560 630 530 330 680 410 630 280 90 390 220 680 170 630 280 480 690 570 640 500 460 550 510
780 290 800 340 880 770 990 320 720 860 320 950 700 340 800 710 90 650 480 560 990 870 590 150 750 820 100 720 850 550 640 530 0 230 110 410 570 500 250 450 750 260 80 810 380 80 760 750 310 850 780 530 570 690 120 420 860 610 530 690 530 80 880 940 800 870 240 740 500 730 980 570 720 210 690 200 840 70 800 90 210 200 150 300 100 790 620 820 720 690 460 340 530 1000 160 350 650 370 780 1060 1020
960 510 1020 560 1080 1000 1210 400 950 1090 490 1180 920 430 1020 820 130 750 640 790 1210 1100 790 350 910 970 210 920 1080 720 860 760 230 0 230 640 780 720 470 610 950 430 260 1030 520 300 990 940 530 1080 1000 720 760 820 270 630 1090 770 760 820 730 270 1110 1150 1030 1100 300 930 680 830 1210 770 890 100 910 370 1050 190 970 130 330 430 70 470 120 1020 850 1030 940 800 680 400 730 1230 70 450 770 510 970 1280 1240
880 280 810 340 840 780 990 210 770 880 260 960 770 240 840 620 140 550 580 570 1000 910 670 120 680 750 200 680 890 650 630 550 110 230 0 430 550 480 250 380 830 370 50 790 300 120 780 840 310 870 850 620 650 610 40 410 880 540 550 610 490 190 910 920 830 890 120 700 440 630 990 650 660 170 740 130 820 170 740 150 110 240 160 230 120 800 650 800 720 590 460 230 490 1000 190 250 560 290 730 1060 1010
630 180 380 130 550 370 580 490 350 450 290 540 390 490 410 660 500 630 460 160 580 480 360 310 530 600 470 420 450 470 270 120 410 640 430 0 240 180 180 340 500 380 380 420 390 330 350 550 130 440 450 390 380 560 390 120 450 420 120 570 260 400 470 570 400 460 490 430 320 670 570 360 500 600 330 330 460 460 570 500 410 210 560 300 510 390 210 450 320 620 130 520 250 590 570 460 590 400 480 660 620
840 270 330 220 310 270 450 510 430 410 310 440 550 490 470 500 660 500 700 150 480 500 560 430 310 380 650 180 470 700 90 230 570 780 550 240 0 70 320 260 680 620 520 240 360 490 350 740 260 370 570 620 600 380 510 150 410 240 220 390 90 590 460 360 430 400 550 190 190 510 500 570 270 720 440 420 260 630 330 670 480 400 710 330 660 280 280 240 200 460 120 530 80 470 730 460 430 370 240 510 470
800 200 360 150 380 310 500 460 430 430 250 490 520 450 470 510 590 500 640 140 530 520 520 370 350 420 580 250 490 650 140 200 500 720 480 180 70 0 250 240 650 550 450 310 320 420 370 700 190 410 550 570 550 400 440 80 430 260 180 410 90 520 480 430 440 430 490 260 180 520 540 520 320 650 420 360 330 560 390 600 430 330 640 270 590 320 270 310 240 470 50 490 80 520 660 410 440 330 310 570 530
730 60 560 90 630 530 740 320 520 620 160 710 550 330 590 580 340 540 490 320 740 660 480 130 540 610 330 480 630 530 390 300 250 470 250 180 320 250 0 270 630 330 210 560 270 170 530 660 60 610 620 470 480 520 210 170 620 410 290 520 290 260 650 690 580 630 310 500 290 600 740 470 510 420 500 160 580 310 590 350 240 90 390 150 340 550 390 570 470 550 210 350 290 750 410 310 510 270 540 810 770
980 210 590 220 480 540 710 260 660 670 130 710 740 240 710 310 510 280 760 380 750 760 710 300 300 370 550 320 730 790 360 420 450 610 380 340 260 240 270 0 850 600 370 500 100 380 610 890 250 640 780 720 720 250 340 220 670 160 410 250 170 500 720 590 680 660 330 340 80 330 760 700 280 520 650 250 510 520 360 520 280 360 540 150 500 540 500 470 470 280 250 280 180 730 570 200 240 120 360 760 720
190 660 530 630 900 570 720 960 300 510 780 640 140 970 330 1160 820 1140 350 530 650 390 160 740 990 1060 730 840 410 270 650 450 750 950 830 500 680 650 630 850 0 520 780 710 890 710 430 80 610 560 190 230 180 1050 800 620 510 910 460 1060 740 680 480 840 390 540 930 840 820 1170 600 180 960 960 260 790 750 750 1010 820 860 590 880 790 850 600 410 780 590 1120 610 990 730 710 870 940 1090 900 900 790 780
530 390 730 410 930 730 940 560 590 770 480 890 510 580 660 910 310 860 210 540 920 740 380 340 870 940 220 800 730 290 660 470 260 430 370 380 620 550 330 600 520 0 330 810 570 260 660 510 370 780 610 290 340 850 360 470 770 740 480 860 610 180 780 950 680 790 490 810 630 920 890 350 840 450 540 400 840 240 920 310 450 240 370 470 340 760 540 840 690 880 500 580 610 950 360 580 840 570 860 1020 990
830 240 770 300 820 740 950 240 720 840 240 920 720 260 790 630 140 570 540 530 960 860 620 80 670 740 180 660 840 600 600 510 80 260 50 380 520 450 210 370 780 330 0 760 300 70 740 790 270 830 800 570 600 610 30 370 840 530 510 610 460 160 860 890 790 840 160 680 430 640 950 600 650 210 690 120 790 150 730 150 130 190 180 220 130 760 600 770 680 600 420 260 470 970 210 260 570 290 710 1020 980
890 510 190 460 190 130 210 750 410 260 560 230 560 730 410 660 900 680 840 260 270 400 640 680 390 430 880 230 360 820 160 340 810 1030 790 420 240 310 560 500 710 810 760 0 600 730 280 780 490 200 540 730 680 530 750 390 260 410 330 540 320 810 310 150 340 230 800 210 410 670 300 650 370 960 440 670 40 870 380 910 730 620 950 580 900 110 310 70 120 630 340 780 310 230 970 700 610 610 250 260 220
1000 220 680 260 590 630 810 150 730 760 100 800 790 130 790 330 440 280 750 460 850 840 740 240 390 450 480 430 810 800 450 490 380 520 300 390 360 320 270 100 890 570 300 600 0 320 690 930 270 730 840 740 740 310 270 290 760 250 480 310 270 450 800 690 760 760 230 450 190 340 860 730 370 430 720 180 610 450 450 450 190 340 460 110 420 640 580 580 560 300 330 170 280 830 490 100 270 10 470 870 820
760 210 720 260 800 700 910 290 660 780 250 870 650 310 730 660 170 600 470 480 910 800 550 80 680 750 170 640 780 530 560 460 80 300 120 330 490 420 170 380 710 260 70 730 320 0 680 720 230 780 730 500 530 620 90 340 780 540 450 630 450 120 810 860 730 790 230 660 430 670 900 530 650 260 620 140 760 140 730 170 180 130 220 230 170 720 550 740 640 630 380 320 450 920 240 310 600 320 700 980 940
620 510 90 460 470 140 300 810 130 100 610 230 290 810 130 850 850 850 630 230 250 150 400 660 630 680 800 460 120 590 270 220 760 990 780 350 350 370 530 610 430 660 740 280 690 680 0 510 470 130 260 500 450 730 740 400 100 590 230 740 440 730 120 400 70 130 830 450 540 860 220 420 590 950 180 680 310 800 630 850 760 560 910 620 860 170 130 350 180 820 360 840 430 290 920 770 790 700 500 370 360
110 700 600 670 970 650 800 980 380 590 820 720 210 990 410 1210 820 1180 310 590 730 470 180 750 1050 1120 730 910 490 230 710 510 750 940 840 550 740 700 660 890 80 510 790 780 930 720 510 0 650 630 270 220 180 1110 810 670 590 960 520 1110 790 680 560 920 470 620 940 900 870 1220 680 190 1020 960 330 810 820 750 1070 820 880 610 880 820 850 680 480 850 670 1170 660 1010 790 790 870 970 1140 930 960 870 860
730 50 490 40 570 460 670 360 480 560 170 640 520 360 540 570 400 530 500 250 680 600 460 190 500 570 390 430 580 530 330 250 310 530 310 130 260 190 60 250 610 370 270 490 270 230 470 650 0 550 580 470 470 490 270 100 560 370 240 500 240 320 600 630 530 570 360 440 260 580 680 450 460 480 460 200 520 370 540 410 280 140 460 170 410 480 340 500 410 530 150 390 240 690 470 330 500 280 490 750 700
750 590 50 530 390 100 170 870 260 50 660 100 420 860 230 840 940 860 760 290 130 200 530 740 590 640 910 420 170 720 280 320 850 1080 870 440 370 410 610 640 560 780 830 200 730 780 130 630 550 0 370 630 580 720 820 460 50 590 320 720 460 840 110 300 160 30 900 410 560 850 130 550 570 1040 310 750 230 900 580 950 830 650 1000 680 950 100 240 280 170 810 420 900 450 160 1010 820 790 740 450 240 230
380 630 350 580 740 410 530 940 140 320 740 450 90 940 140 1070 870 1060 490 420 460 200 240 740 870 930 800 710 220 420 510 360 780 1000 850 450 570 550 620 780 190 610 800 540 840 730 260 270 580 370 0 350 290 950 810 560 320 810 370 960 640 730 290 670 210 360 930 700 730 1080 410 260 840 990 130 780 580 800 880 870 860 600 930 750 890 430 290 620 440 1030 530 970 630 520 930 910 1000 850 760 600 600
260 510 590 500 900 620 810 780 390 600 630 730 260 790 450 1040 600 1010 130 490 750 520 110 550 930 1000 510 800 530 90 620 400 530 720 620 390 620 570 470 720 230 290 570 730 740 500 500 220 470 630 350 0 60 960 600 520 600 820 410 960 660 460 590 880 490 630 730 800 710 1060 710 80 890 740 330 600 770 530 960 600 670 410 660 630 630 650 420 790 610 1010 520 810 650 800 650 770 970 740 860 880 860
250 520 540 490 860 570 750 800 330 550 640 680 200 810 390 1040 640 1010 200 450 690 460 50 570 900 970 550 770 470 140 580 370 570 760 650 380 600 550 480 720 180 340 600 680 740 530 450 180 470 580 290 60 0 940 630 500 550 800 380 950 640 500 530 830 430 570 760 770 700 1050 650 30 870 780 270 620 720 570 930 640 690 430 700 640 670 600 370 740 560 1000 500 820 630 740 690 790 970 750 830 820 810
1200 460 680 460 420 620 730 430 820 760 380 760 930 400 860 130 750 160 1000 530 800 880 920 540 150 170 790 300 850 1030 450 600 690 820 610 560 380 400 520 250 1050 850 610 530 310 620 730 1110 490 720 950 960 940 0 580 430 760 140 590 10 310 750 820 550 800 750 520 320 240 140 830 920 160 730 830 490 520 760 200 760 500 610 770 390 730 610 660 470 550 100 440 440 320 760 800 370 90 320 290 760 710
860 240 770 290 800 740 940 200 730 840 220 920 740 230 800 590 170 530 570 530 960 870 640 80 650 710 220 640 850 630 590 510 120 270 40 390 510 440 210 340 800 360 30 750 270 90 740 810 270 820 810 600 630 580 0 360 840 500 510 580 450 200 870 880 790 840 130 660 410 610 950 620 620 210 700 90 780 180 700 180 90 210 200 190 150 760 610 750 680 570 410 220 450 960 230 230 530 260 690 1010 970
760 120 410 70 470 370 580 410 440 490 200 550 510 400 500 530 510 510 570 170 590 550 480 290 410 490 500 330 520 590 220 200 420 630 410 120 150 80 170 220 620 470 370 390 290 340 400 670 100 460 560 520 500 430 360 0 490 300 190 440 140 430 520 520 470 490 430 340 190 540 590 480 380 580 430 280 410 480 450 510 360 240 560 210 510 390 290 400 310 490 50 430 140 590 580 370 460 300 390 650 600
700 600 80 550 450 140 210 890 220 0 690 130 380 890 180 890 950 900 730 310 140 150 490 760 640 690 910 470 110 690 320 320 860 1090 880 450 410 430 620 670 510 770 840 260 760 780 100 590 560 50 320 600 550 760 840 490 0 630 330 770 500 840 50 350 120 30 920 460 600 900 120 520 610 1050 270 770 290 900 630 960 850 660 1010 700 960 150 240 330 210 860 440 920 490 200 1020 850 830 770 500 280 270
1060 340 550 330 350 490 620 410 670 630 290 640 780 380 710 260 680 270 870 390 680 740 780 460 140 210 710 190 710 890 310 460 610 770 540 420 240 260 410 160 910 740 530 410 250 540 590 960 370 590 810 820 800 140 500 300 630 0 450 150 170 660 680 460 670 620 490 210 110 270 710 780 110 690 680 410 410 680 190 690 440 500 710 310 660 490 520 360 420 220 300 420 170 650 730 350 200 270 220 670 610
620 280 260 230 480 250 470 590 250 330 390 420 330 590 310 700 620 680 510 70 450 360 340 430 530 600 580 390 340 500 200 10 530 760 550 120 220 180 290 410 460 480 510 330 480 450 230 520 240 320 370 410 380 590 510 190 330 450 0 600 280 510 350 480 280 340 600 390 360 710 440 350 490 720 240 450 370 570 550 630 530 330 680 400 630 280 100 380 210 660 150 620 270 480 690 560 630 490 450 540 510
1200 460 690 460 430 630 740 430 830 770 380 770 940 400 860 120 750 150 1010 540 810 890 930 540 160 180 790 310 860 1030 460 610 690 820 610 570 390 410 520 250 1060 860 610 540 310 630 740 1110 500 720 960 960 950 10 580 440 770 150 600 0 320 750 830 560 810 760 520 330 240 130 840 930 170 730 830 490 530 760 210 760 500 610 770 400 730 620 670 480 560 90 450 430 330 770 800 370 80 320 300 770 720
890 230 420 200 350 360 530 420 510 500 240 530 610 410 560 420 610 410 720 220 570 590 610 380 270 340 620 190 560 730 180 290 530 730 490 260 90 90 290 170 740 610 460 320 270 450 440 790 240 460 640 660 640 310 450 140 500 170 280 320 0 560 550 430 510 490 480 210 100 430 590 610 230 650 510 360 340 590 310 620 410 380 650 260 600 370 350 310 290 380 130 450 10 550 670 370 350 290 250 590 540
710 320 780 360 900 770 980 400 690 840 370 940 650 430 760 780 140 730 390 560 970 830 520 200 800 870 70 750 820 470 650 510 80 270 190 400 590 520 260 500 680 180 160 810 450 120 730 680 320 840 730 460 500 750 200 430 840 660 510 750 560 0 850 950 770 850 320 770 550 800 960 500 770 280 640 260 840 70 850 140 290 190 200 350 170 790 600 830 720 750 470 420 560 990 190 430 720 440 810 1060 1020
670 640 130 580 510 190 250 930 200 50 730 160 350 930 150 940 970 950 720 350 170 90 480 790 700 750 920 530 70 680 370 350 880 1110 910 470 460 480 650 720 480 780 860 310 800 810 120 560 600 110 290 590 530 820 870 520 50 680 350 830 550 850 0 410 90 80 950 520 650 960 120 500 670 1070 250 800 350 920 690 980 880 680 1030 740 990 210 260 390 260 910 480 960 540 230 1040 890 890 820 560 310 310
1030 640 310 590 140 260 200 850 540 350 670 270 700 830 530 680 1030 710 990 410 300 500 780 800 400 420 1020 270 470 970 300 490 940 1150 920 570 360 430 690 590 840 950 890 150 690 860 400 920 630 300 670 880 830 550 880 520 350 460 480 560 430 950 410 0 460 320 910 250 500 690 350 800 390 1080 580 790 110 1000 370 1040 840 760 1080 690 1030 240 460 120 270 650 470 870 420 230 1100 790 640 710 250 220 170
580 570 150 520 540 210 330 880 100 120 670 250 260 870 60 930 890 930 620 300 260 80 380 710 700 760 840 530 50 580 350 280 800 1030 830 400 430 440 580 680 390 680 790 340 760 730 70 470 530 160 210 490 430 800 790 470 120 670 280 810 510 770 90 460 0 150 890 520 610 940 220 400 670 1000 150 740 380 840 700 890 820 600 950 680 900 230 180 420 260 890 430 910 500 320 960 840 870 770 580 400 390
730 610 70 550 420 130 180 890 250 30 690 100 410 880 210 870 960 890 760 310 120 180 520 760 620 670 920 450 140 720 310 330 870 1100 890 460 400 430 630 660 540 790 840 230 760 790 130 620 570 30 360 630 570 750 840 490 30 620 340 760 490 850 80 320 150 0 920 440 590 890 100 540 600 1050 300 770 260 910 610 970 850 670 1020 700 970 130 250 310 200 840 440 920 480 170 1030 850 820 770 480 250 240
990 310 850 370 820 810 1000 100 840 920 240 980 860 130 900 520 250 450 700 600 1020 970 770 190 620 680 330 650 940 760 640 610 240 300 120 490 550 490 310 330 930 490 160 800 230 230 830 940 360 900 930 730 760 520 130 430 920 490 600 520 480 320 950 910 890 920 0 670 410 530 1030 750 600 200 810 150 820 290 680 260 70 330 250 220 220 820 700 790 740 500 480 100 480 1020 280 150 470 210 690 1070 1020
1010 440 380 400 140 320 410 600 560 460 440 440 700 580 580 450 820 470 890 320 480 590 740 590 180 230 830 20 550 890 190 400 740 930 700 430 190 260 500 340 840 810 680 210 450 660 450 900 440 410 700 800 770 320 660 340 460 210 390 330 210 770 520 250 520 440 670 0 260 460 510 750 160 860 580 560 200 800 180 830 610 580 860 460 810 310 420 150 260 420 310 620 200 440 890 550 400 460 50 450 400
960 230 520 220 400 460 620 340 610 600 180 630 700 320 650 330 570 320 760 320 670 690 680 350 250 320 600 240 660 790 280 380 500 680 440 320 190 180 290 80 820 630 430 410 190 430 540 870 260 560 730 710 700 240 410 190 600 110 360 240 100 550 650 500 610 590 410 260 0 350 690 680 220 600 600 310 420 570 300 580 350 380 610 210 560 460 450 380 390 300 210 370 110 650 640 290 260 200 280 680 630
1310 540 820 550 550 760 870 430 950 900 440 900 1050 400 990 10 770 80 1090 660 940 1020 1030 590 280 280 830 440 980 1120 590 730 730 830 630 670 510 520 600 330 1170 920 640 670 340 670 860 1220 580 850 1080 1060 1050 140 610 540 900 270 710 130 430 800 960 690 940 890 530 460 350 0 970 1030 300 730 950 530 660 790 320 780 520 680 780 450 740 750 790 610 690 50 560 430 440 900 810 380 80 350 430 900 850
790 720 180 660 470 220 150 1000 320 120 790 80 470 990 270 960 1070 980 840 420 50 210 600 870 700 730 1030 530 190 800 400 440 980 1210 990 570 500 540 740 760 600 890 950 300 860 900 220 680 680 130 410 710 650 830 950 590 120 710 440 840 590 960 120 350 220 100 1030 510 690 970 0 620 670 1160 370 880 320 1020 680 1070 960 780 1130 810 1080 220 360 370 290 930 550 1030 580 130 1140 950 910 870 550 200 210
270 500 510 480 830 540 720 790 300 520 620 650 170 800 360 1020 640 990 220 420 660 430 20 560 880 950 560 750 440 170 560 340 570 770 650 360 570 520 470 700 180 350 600 650 730 530 420 190 450 550 260 80 30 920 620 480 520 780 350 930 610 500 500 800 400 540 750 750 680 1030 620 0 840 780 250 610 700 570 910 640 690 420 700 620 670 570 340 720 530 980 480 810 610 720 700 780 950 730 800 790 780
1120 450 540 420 260 470 570 520 700 610 400 600 820 490 730 290 790 320 960 430 640 740 840 570 30 100 820 140 710 970 320 510 720 890 660 500 270 320 510 280 960 840 650 370 370 650 590 1020 460 570 840 890 870 160 620 380 610 110 490 170 230 770 670 390 670 600 600 160 220 300 670 840 0 800 710 530 360 790 80 800 560 600 820 420 780 460 550 310 410 260 370 540 240 600 850 460 250 380 130 600 550
980 450 980 510 1000 950 1160 300 930 1050 410 1130 910 330 1000 720 140 650 670 740 1170 1070 800 290 820 880 240 840 1050 740 800 720 210 100 170 600 720 650 420 520 960 450 210 960 430 260 950 960 480 1040 990 740 780 730 210 580 1050 690 720 730 650 280 1070 1080 1000 1050 200 860 600 730 1160 780 800 0 890 290 990 210 880 140 240 390 90 390 110 970 810 960 890 700 630 300 660 1170 120 350 670 420 890 1230 1180
440 510 270 460 640 310 480 820 50 270 620 400 120 820 120 940 770 930 470 290 410 190 220 620 750 810 710 590 190 420 390 230 690 910 740 330 440 420 500 650 260 540 690 440 720 620 180 330 460 310 130 330 270 830 700 430 270 680 240 830 510 640 250 580 150 300 810 580 600 950 370 250 710 890 0 660 480 720 760 780 740 500 840 630 790 340 160 510 330 900 400 850 510 470 840 790 870 720 640 550 540
870 160 700 220 710 660 860 170 680 770 120 840 710 180 750 520 260 460 590 460 880 810 630 60 550 620 300 550 790 650 500 450 200 370 130 330 420 360 160 250 790 400 120 670 180 140 680 810 200 750 780 600 620 490 90 280 770 410 450 490 360 260 800 790 740 770 150 560 310 530 880 610 530 290 660 0 690 270 610 270 80 190 300 100 250 680 550 660 600 490 330 200 360 880 320 170 450 180 600 930 890
930 540 230 490 160 170 210 760 450 290 580 240 600 750 450 650 920 670 880 300 280 430 680 700 380 410 910 220 400 860 190 380 840 1050 820 460 260 330 580 510 750 840 790 40 610 760 310 820 520 230 580 770 720 520 780 410 290 410 370 530 340 840 350 110 380 260 820 200 420 660 320 700 360 990 480 690 0 900 360 930 750 650 980 600 930 150 350 50 160 620 370 790 330 240 990 710 600 620 230 260 210
770 360 840 410 940 820 1040 380 760 900 390 1000 720 410 830 780 70 720 460 610 1030 900 600 220 820 890 30 790 890 530 700 580 70 190 170 460 630 560 310 520 750 240 150 870 450 140 800 750 370 900 800 530 570 760 180 480 900 680 570 760 590 70 920 1000 840 910 290 800 570 790 1020 570 790 210 720 270 900 0 870 70 270 240 130 370 100 850 660 880 770 750 520 390 600 1050 120 410 720 440 840 1110 1080
1170 530 560 500 230 500 560 590 740 630 480 600 870 570 760 310 870 360 1030 480 640 770 900 650 50 50 900 170 730 1040 360 560 800 970 740 570 330 390 590 360 1010 920 730 380 450 730 630 1070 540 580 880 960 930 200 700 450 630 190 550 210 310 850 690 370 700 610 680 180 300 320 680 910 80 880 760 610 360 870 0 880 640 680 900 500 860 480 600 310 440 290 440 610 310 590 930 540 290 460 130 590 540
840 390 890 440 970 870 1090 350 820 960 400 1050 790 380 890 770 10 700 520 660 1080 960 660 230 830 890 90 810 950 600 740 630 90 130 150 500 670 600 350 520 820 310 150 910 450 170 850 820 410 950 870 600 640 760 180 510 960 690 630 760 620 140 980 1040 890 970 260 830 580 780 1070 640 800 140 780 270 930 70 880 0 260 290 60 370 40 890 720 910 820 740 560 360 620 1100 60 390 710 440 860 1160 1120
940 240 770 300 760 730 930 110 760 850 170 910 790 130 830 500 250 440 650 530 950 890 700 120 580 640 310 590 870 710 570 530 210 330 110 410 480 430 240 280 860 450 130 730 190 180 760 880 280 830 860 670 690 500 90 360 850 440 530 500 410 290 880 840 820 850 70 610 350 520 960 690 560 240 740 80 750 270 640 260 0 260 270 150 230 750 630 720 670 480 410 130 420 950 300 130 450 180 640 1000 950
670 150 600 180 720 580 790 370 530 660 240 750 530 380 600 670 290 620 410 370 790 670 430 140 630 700 260 570 650 450 460 330 200 430 240 210 400 330 90 360 590 240 190 620 340 130 560 610 140 650 600 410 430 610 210 240 660 500 330 610 380 190 680 760 600 670 330 580 380 680 780 420 600 390 500 190 650 240 680 290 260 0 350 230 300 600 420 640 530 640 280 390 380 800 360 360 600 340 630 870 830
900 430 950 490 1010 920 1130 350 880 1010 420 1100 850 380 950 770 60 700 580 710 1140 1020 720 270 850 910 150 850 1000 660 790 680 150 70 160 560 710 640 390 540 880 370 180 950 460 220 910 880 460 1000 930 660 700 770 200 560 1010 710 680 770 650 200 1030 1080 950 1020 250 860 610 780 1130 700 820 90 840 300 980 130 900 60 270 350 0 400 50 940 770 950 870 750 610 350 660 1150 30 400 720 450 900 1210 1160
890 120 630 170 610 590 780 190 650 700 20 760 690 190 710 440 360 390 640 390 800 760 630 150 450 520 400 440 740 680 420 410 300 470 230 300 330 270 150 150 790 470 220 580 110 230 620 820 170 680 750 630 640 390 190 210 700 310 400 400 260 350 740 690 680 700 220 460 210 450 810 620 420 390 630 100 600 370 500 370 150 230 400 0 350 600 500 570 520 410 260 220 260 800 430 160 370 110 490 850 800
870 380 900 440 960 870 1080 320 830 960 370 1050 810 340 900 730 30 670 560 660 1090 970 690 220 800 870 130 800 960 630 740 630 100 120 120 510 660 590 340 500 850 340 130 900 420 170 860 850 410 950 890 630 670 730 150 510 960 660 630 730 600 170 990 1030 900 970 220 810 560 740 1080 670 780 110 790 250 930 100 860 40 230 300 50 350 0 890 720 900 820 710 560 320 610 1100 70 360 680 410 850 1160 1110
790 520 80 460 310 30 190 780 300 150 580 160 460 770 300 740 890 760 760 230 200 290 550 680 490 540 860 320 250 740 180 280 790 1020 800 390 280 320 550 540 600 760 760 110 640 720 170 680 480 100 430 650 600 610 760 390 150 490 280 620 370 790 210 240 230 130 820 310 460 750 220 570 460 970 340 680 150 850 480 890 750 600 940 600 890 0 230 190 80 710 340 810 360 200 960 740 690 650 350 260 230
590 390 190 330 490 200 400 690 150 240 490 340 270 690 210 780 710 770 530 130 380 260 320 530 580 650 670 430 240 510 230 90 620 850 650 210 280 270 390 500 410 540 600 310 580 550 130 480 340 240 290 420 370 660 610 290 240 520 100 670 350 600 260 460 180 250 700 420 450 790 360 340 550 810 160 550 350 660 600 720 630 420 770 500 720 230 0 370 190 740 250 720 340 410 780 660 710 590 480 480 450
960 520 270 470 120 210 260 730 480 330 550 290 630 710 480 600 910 620 890 310 330 480 700 680 330 360 900 170 440 870 180 390 820 1030 800 450 240 310 570 470 780 840 770 70 580 740 350 850 500 280 620 790 740 470 750 400 330 360 380 480 310 830 390 120 420 310 790 150 380 610 370 720 310 960 510 660 50 880 310 910 720 640 950 570 900 190 370 0 180 570 350 750 300 290 970 680 550 590 180 300 250
780 440 130 380 300 70 260 700 300 210 500 240 450 690 320 680 810 690 720 160 280 330 520 600 440 490 790 270 290 700 110 220 720 940 720 320 200 240 470 470 590 690 680 120 560 640 180 670 410 170 440 610 560 550 680 310 210 420 210 560 290 720 260 270 260 200 740 260 390 690 290 530 410 890 330 600 160 770 440 820 670 530 870 520 820 80 190 180 0 650 260 730 280 280 880 660 620 570 320 340 300
1260 500 780 500 520 710 830 400 900 860 390 860 1000 370 940 30 730 70 1040 610 900 970 980 550 250 260 790 400 940 1070 540 680 690 800 590 620 460 470 550 280 1120 880 600 630 300 630 820 1170 530 810 1030 1010 1000 100 570 490 860 220 660 90 380 750 910 650 890 840 500 420 300 50 930 980 260 700 900 490 620 750 290 740 480 640 750 410 710 710 740 570 650 0 510 400 390 860 780 350 30 310 390 870 820
750 170 360 120 430 320 530 450 400 440 250 500 490 440 460 540 550 530 590 130 540 510 480 330 400 470 540 300 480 600 180 170 460 680 460 130 120 50 210 250 610 500 420 340 330 380 360 660 150 420 530 520 500 440 410 50 440 300 150 450 130 470 480 470 430 440 480 310 210 560 550 480 370 630 400 330 370 520 440 560 410 280 610 260 560 340 250 350 260 510 0 480 130 540 620 410 480 340 360 600 550
1070 340 850 390 770 800 980 30 870 920 230 980 900 40 930 420 350 350 790 610 1020 980 830 250 550 600 430 600 960 850 630 630 340 400 230 520 530 490 350 280 990 580 260 780 170 320 840 1010 390 900 970 810 820 440 220 430 920 420 620 430 450 420 960 870 910 920 100 620 370 430 1030 810 540 300 850 200 790 390 610 360 130 390 350 220 320 810 720 750 730 400 480 0 460 1010 390 70 370 160 640 1040 1000
880 230 410 200 340 350 520 430 500 490 240 520 610 420 550 430 610 420 710 210 560 580 600 380 270 340 620 190 550 730 170 280 530 730 490 250 80 80 290 180 730 610 470 310 280 450 430 790 240 450 630 650 630 320 450 140 490 170 270 330 10 560 540 420 500 480 480 200 110 440 580 610 240 660 510 360 330 600 310 620 420 380 660 260 610 360 340 300 280 390 130 460 0 550 680 380 360 290 250 580 540
900 720 210 660 370 220 30 980 420 200 780 70 580 970 380 890 1090 910 930 430 70 320 690 880 620 640 1060 460 300 890 380 480 1000 1230 1000 590 470 520 750 730 710 950 970 230 830 920 290 790 690 160 520 800 740 760 960 590 200 650 480 770 550 990 230 230 320 170 1020 440 650 900 130 720 600 1170 470 880 240 1050 590 1100 950 800 1150 800 1100 200 410 290 280 860 540 1010 550 0 1160 930 840 850 470 80 80
890 450 960 500 1030 940 1150 380 880 1020 450 1110 850 410 950 800 70 730 570 720 1150 1030 720 290 880 940 140 870 1010 650 800 690 160 70 190 570 730 660 410 570 870 360 210 970 490 240 920 870 470 1010 930 650 690 800 230 580 1020 730 690 800 670 190 1040 1100 960 1030 280 890 640 810 1140 700 850 120 840 320 990 120 930 60 300 360 30 430 70 960 780 970 880 780 620 390 680 1160 0 430 750 480 920 1220 1180
1040 280 770 330 690 730 910 50 810 850 170 900 850 30 870 370 380 300 770 540 940 920 790 240 480 530 450 530 890 820 550 570 350 450 250 460 460 410 310 200 940 580 260 700 100 310 770 970 330 820 910 770 790 370 230 370 850 350 560 370 370 430 890 790 840 850 150 550 290 380 950 780 460 350 790 170 710 410 540 390 130 360 400 160 360 740 660 680 660 350 410 70 380 930 430 0 320 80 560 970 920
1220 460 750 470 510 690 810 370 870 830 360 840 970 340 910 70 700 70 1000 580 880 940 950 510 240 260 750 380 910 1040 510 640 650 770 560 590 430 440 510 240 1090 840 570 610 270 600 790 1140 500 790 1000 970 970 90 530 460 830 200 630 80 350 720 890 640 870 820 470 400 260 80 910 950 250 670 870 450 600 720 290 710 450 600 720 370 680 690 710 550 620 30 480 370 360 840 750 320 0 270 380 850 800
1000 230 690 260 600 640 820 140 740 770 110 820 800 120 800 340 430 280 750 470 860 850 740 240 400 460 480 440 820 800 470 500 370 510 290 400 370 330 270 120 900 570 290 610 10 320 700 930 280 740 850 740 750 320 260 300 770 270 490 320 290 440 820 710 770 770 210 460 200 350 870 730 380 420 720 180 620 440 460 440 180 340 450 110 410 650 590 590 570 310 340 160 290 850 480 80 270 0 480 880 830
1070 480 430 450 130 370 440 620 620 500 470 470 760 600 640 420 860 450 940 380 510 640 800 630 150 180 870 60 610 950 250 460 780 970 730 480 240 310 540 360 900 860 710 250 470 700 500 960 490 450 760 860 830 290 690 390 500 220 450 300 250 810 560 250 580 480 690 50 280 430 550 800 130 890 640 600 230 840 130 860 640 630 900 490 850 350 480 180 320 390 360 640 250 470 920 560 380 480 0 470 420
980 770 290 720 360 290 70 1020 500 280 830 150 660 1000 460 890 1150 920 1000 500 140 400 770 940 620 640 1130 470 380 970 420 550 1060 1280 1060 660 510 570 810 760 790 1020 1020 260 870 980 370 870 750 240 600 880 820 760 1010 650 280 670 540 770 590 1060 310 220 400 250 1070 450 680 900 200 790 600 1230 550 930 260 1110 590 1160 1000 870 1210 850 1160 260 480 300 340 870 600 1040 580 80 1220 970 850 880 470 0 50
970 730 270 670 310 260 60 970 490 270 780 140 650 960 450 840 1110 870 980 460 150 410 760 890 570 590 1090 420 380 950 380 510 1020 1240 1010 620 470 530 770 720 780 990 980 220 820 940 360 860 700 230 600 860 810 710 970 600 270 610 510 720 540 1020 310 170 390 240 1020 400 630 850 210 780 550 1180 540 890 210 1080 540 1120 950 830 1160 800 1110 230 450 250 300 820 550 1000 540 80 1180 920 800 830 420 50 0
