100
27235 27285 15
33681 33701 5
12201 12211 10
14875 14915 20
55407 55457 20
42103 42113 5
6649 6659 5
23602 23652 5
46987 47037 20
35716 35726 15
4393 4443 15
40940 40960 10
21556 21606 10
51796 51826 15
45131 45141 15
23915 23965 15
30122 30172 15
36753 36793 10
8641 8691 10
22283 22293 15
50051 50071 15
39490 39540 20
1934 1974 10
14134 14144 10
27615 27645 20
3320 3330 10
56077 56117 10
43201 43231 10
7657 7707 20
45796 45816 10
20597 20617 5
13886 13936 5
29566 29596 15
13152 13172 5
26741 26751 10
48266 48286 5
25943 25953 20
32012 32062 10
28204 28234 5
31196 31236 5
15856 15906 20
39723 39733 20
28660 28670 5
52070 52090 15
26574 26594 10
53910 53920 5
11593 11643 20
38698 38748 10
46473 46513 5
47427 47437 15
17542 17552 5
43986 44006 15
53479 53489 5
21818 21838 15
56625 56665 20
37315 37345 20
52491 52501 15
7474 7494 10
50803 50853 15
7868 7918 10
23047 23097 20
6156 6196 20
44446 44486 10
21281 21291 5
19930 19980 15
41643 41663 15
1464 1484 15
27062 27102 5
49622 49662 10
1792 1842 20
18077 18097 15
32885 32935 5
2590 2640 10
55557 55607 5
18891 18941 20
39969 39979 5
48934 48974 20
19432 19472 5
28838 28848 5
25251 25271 5
22366 22376 20
37744 37794 15
24375 24425 15
42920 42960 20
34778 34828 5
17811 17851 15
43926 43936 20
30508 30518 15
46779 46829 10
54886 54916 15
16781 16801 10
10921 10931 5
10347 10397 15
9896 9926 5
5505 5545 15
7299 7329 10
885 905 10
9198 9248 15
55248 55258 15
18596 18636 15
0 630 1220 1000 1200 520 440 780 1060 610 990 960 320 760 840 970 750 530 900 490 1070 1260 890 790 980 270 930 770 1260 860 320 670 750 590 110 700 240 1200 1050 810 270 260 960 1000 580 790 890 960 910 810 830 1040 840 1040 620 1170 890 980 840 710 770 830 730 750 580 600 840 890 690 880 670 730 750 250 620 1310 1120 900 800 1070 780 1010 940 700 1220 190 980 870 880 760 720 1080 870 1010 1290 730 760 890 1030 380 1150
630 0 590 400 570 410 330 320 420 120 490 640 460 370 580 620 130 380 590 350 480 630 300 570 600 360 460 180 620 390 390 210 470 210 550 450 470 560 490 270 360 390 320 390 400 390 570 450 580 310 540 490 500 460 120 570 260 660 500 400 460 380 180 130 480 450 240 420 160 250 470 130 440 380 350 670 500 560 180 520 410 420 410 450 600 500 340 510 430 120 380 550 330 430 660 460 330 290 570 450 530
1220 590 0 270 80 910 870 620 200 640 470 770 1000 690 880 800 480 840 840 870 380 70 370 910 670 950 600 460 30 530 970 600 750 710 1140 830 1040 90 340 510 950 970 260 270 870 690 750 550 810 510 840 370 710 320 630 290 350 850 700 720 720 570 510 470 940 910 430 610 580 360 890 500 790 970 790 80 250 720 440 370 650 380 450 830 260 1090 240 680 560 460 750 510 450 400 70 820 600 360 640 1000 240
1000 400 270 0 320 800 720 570 270 500 210 510 750 640 860 830 340 570 850 740 480 280 110 870 420 730 620 230 310 260 800 340 480 590 930 770 800 320 120 470 740 740 200 10 770 650 480 590 820 240 820 140 440 80 490 460 290 880 430 440 440 290 270 260 850 820 370 610 470 290 820 280 740 750 700 350 380 450 330 160 370 440 180 770 460 900 120 410 290 300 690 600 180 460 340 770 320 110 710 850 400
1200 570 80 320 0 860 830 560 150 610 520 820 1010 630 810 720 450 860 770 830 300 150 400 840 730 930 530 460 90 580 940 610 790 670 1110 770 1030 10 400 460 930 960 240 310 810 620 800 480 740 540 770 430 760 370 600 210 320 770 750 750 760 610 520 460 890 860 390 540 540 330 830 500 720 950 740 130 170 770 410 430 690 310 500 770 180 1060 250 730 610 440 690 430 490 330 120 760 630 380 560 960 160
520 410 910 800 860 0 120 320 710 300 900 1020 580 270 320 450 460 660 380 70 640 970 710 270 1000 360 450 590 940 800 200 600 830 210 410 180 530 860 900 400 330 450 650 790 60 300 950 480 390 720 310 900 890 870 310 760 560 460 890 760 830 790 590 540 70 80 470 410 330 550 150 540 230 390 130 990 730 950 470 930 800 590 830 180 810 330 710 900 840 500 210 610 750 580 980 210 730 700 530 140 760
440 330 870 720 830 120 0 330 680 230 810 910 470 310 410 540 400 540 470 50 640 930 630 370 890 250 480 510 900 700 120 500 710 160 330 270 420 830 820 390 220 330 600 720 150 340 840 510 480 620 400 820 780 790 240 760 510 550 770 640 720 690 500 460 190 190 440 440 290 510 250 460 310 270 180 950 710 840 420 850 690 590 740 270 810 260 650 790 740 430 270 640 660 580 940 300 620 620 580 130 750
780 320 620 570 560 320 330 0 420 220 740 940 720 70 280 300 260 690 280 300 320 690 520 290 890 530 160 440 650 680 450 530 790 190 670 210 700 550 690 110 520 610 390 560 260 80 880 180 260 600 240 700 820 660 210 440 290 340 810 720 770 680 470 380 330 290 200 120 160 280 260 410 170 560 180 690 410 870 240 730 720 270 670 210 490 590 470 820 720 310 130 300 600 260 680 200 640 500 270 440 440
1060 420 200 270 150 710 680 420 0 460 490 770 870 490 680 610 300 740 650 670 220 270 310 710 690 780 410 340 220 500 780 500 710 520 960 630 890 140 380 310 780 820 110 250 670 490 730 360 620 460 640 410 690 350 450 190 170 670 680 660 680 530 410 330 740 710 240 410 390 170 680 370 590 800 590 270 110 710 260 420 610 190 440 630 210 910 160 660 540 300 550 350 410 210 260 620 540 290 460 810 140
610 120 640 500 610 300 230 220 460 0 610 760 500 250 460 510 170 470 480 240 460 700 410 440 720 340 380 290 680 510 320 330 580 90 510 320 490 600 600 210 330 400 380 490 280 280 690 390 470 430 420 600 630 570 10 560 290 550 620 510 580 510 300 240 350 330 230 340 80 280 350 250 320 370 220 730 510 680 200 630 530 400 530 320 610 450 420 630 550 200 260 490 450 400 710 330 460 400 490 360 540
990 490 470 210 520 900 810 740 490 610 0 300 700 810 1020 1020 480 490 1020 840 690 450 220 1030 200 750 820 310 500 130 860 330 330 700 940 920 760 520 130 640 770 730 410 230 890 820 280 790 1000 190 980 100 260 150 600 680 480 1070 250 320 290 160 310 370 970 940 550 800 600 480 950 360 900 760 830 530 600 250 490 100 240 650 70 920 680 930 330 220 120 430 850 820 150 670 520 920 230 240 910 930 620
960 640 770 510 820 1020 910 940 770 760 300 0 640 1000 1210 1240 680 430 1230 950 970 750 470 1210 100 770 1050 510 800 270 920 430 210 850 940 1090 720 820 430 860 790 720 680 520 1030 1020 70 1030 1210 350 1180 400 130 450 760 970 730 1280 130 270 190 260 470 560 1100 1080 780 1030 790 730 1110 530 1080 760 990 830 890 70 720 400 230 920 330 1090 970 950 610 120 230 630 1020 1080 370 930 820 1100 300 490 1150 1000 910
320 460 1000 750 1010 580 470 720 870 500 700 640 0 730 880 980 590 210 930 520 940 1030 640 840 670 220 880 540 1040 570 400 410 430 530 310 730 80 1000 780 710 250 130 760 750 620 760 570 890 930 530 860 760 520 770 510 1030 720 1000 530 390 460 540 490 540 660 660 700 840 580 710 720 500 760 200 630 1090 960 580 640 790 480 880 650 730 1060 350 760 560 580 570 710 990 590 890 1070 760 470 650 990 490 990
760 370 690 640 630 270 310 70 490 250 810 1000 730 0 210 260 320 730 220 270 370 760 590 220 950 540 170 500 710 740 430 580 840 200 650 140 710 620 760 180 520 620 460 630 210 30 940 210 210 660 180 770 870 730 250 500 360 290 860 770 820 740 530 440 270 230 270 130 210 350 190 460 100 570 140 760 470 920 310 800 770 330 730 140 550 570 540 870 780 370 60 330 660 320 750 130 700 570 260 410 500
840 580 880 860 810 320 410 280 680 460 1020 1210 880 210 0 150 540 920 70 360 510 950 800 50 1170 660 280 720 900 960 520 790 1040 380 730 140 840 800 980 390 640 750 670 850 260 200 1150 330 90 880 40 990 1080 940 450 640 570 140 1080 970 1030 960 740 660 260 240 480 270 420 560 170 680 130 690 250 940 640 1140 530 1020 990 500 950 140 690 650 750 1090 1000 590 190 420 880 480 930 120 910 790 300 460 660
970 620 800 830 720 450 540 300 610 510 1020 1240 980 260 150 0 550 990 80 490 420 870 800 210 1180 780 210 730 820 970 650 830 1090 450 860 270 950 710 960 380 760 860 630 820 390 230 1180 250 60 890 140 970 1120 920 510 540 540 50 1110 1020 1080 980 770 670 410 380 470 220 460 540 310 700 230 810 360 850 550 1160 530 1000 1020 420 950 270 590 780 720 1110 1010 600 270 310 890 400 840 240 940 780 170 600 570
750 130 480 340 450 460 400 260 300 170 480 680 590 320 540 550 0 500 540 400 360 530 260 550 630 480 370 170 510 410 490 280 540 250 660 440 600 440 440 180 480 520 210 330 430 340 620 350 530 330 500 450 560 410 150 440 130 600 550 470 520 420 210 120 510 480 120 340 130 130 480 150 420 500 360 560 370 610 50 480 460 300 410 440 470 610 250 560 460 50 360 430 330 310 540 440 380 250 470 530 400
530 380 840 570 860 660 540 690 740 470 490 430 210 730 920 990 500 0 950 590 860 860 470 890 450 350 840 390 880 360 510 240 220 540 510 770 290 850 580 660 380 290 630 570 680 760 360 840 940 340 890 560 310 580 480 920 610 1020 310 180 240 330 330 410 740 730 620 810 540 610 780 370 780 340 660 920 840 370 550 580 260 800 450 770 940 520 600 340 370 470 730 930 400 810 910 790 260 480 950 610 870
900 590 840 850 770 380 470 280 650 480 1020 1230 930 220 70 80 540 950 0 420 470 910 800 130 1170 720 240 720 860 960 580 800 1060 410 790 200 890 760 970 380 690 800 650 830 320 200 1160 290 30 880 70 980 1100 930 480 590 550 80 1090 990 1050 970 750 660 320 300 470 230 430 550 230 690 160 740 290 900 600 1150 520 1010 1000 460 950 200 640 710 730 1100 1000 590 210 370 880 440 890 170 920 780 230 520 620
490 350 870 740 830 70 50 300 670 240 840 950 520 270 360 490 400 590 420 0 620 930 650 320 930 300 450 530 900 730 160 530 760 150 380 220 470 820 840 370 270 390 610 730 100 300 880 480 430 650 350 840 820 810 250 740 510 500 810 690 760 720 520 480 140 140 430 410 280 500 200 480 260 330 130 950 700 880 430 870 720 570 760 220 790 300 660 830 770 440 220 600 680 560 940 250 660 640 540 140 730
1070 480 380 480 300 640 640 320 220 460 690 970 940 370 510 420 360 860 470 620 0 450 490 550 890 800 230 480 390 690 760 630 870 480 960 500 950 290 600 250 800 860 280 470 580 350 920 180 440 630 470 620 860 560 450 130 250 470 860 810 840 710 540 450 640 610 240 250 380 250 560 490 450 830 500 430 130 900 310 640 780 60 640 500 180 900 360 850 730 390 430 130 600 50 420 480 700 470 250 760 150
1260 630 70 280 150 970 930 690 270 700 450 750 1030 760 950 870 530 860 910 930 450 0 390 980 650 990 670 490 70 530 1020 620 750 770 1180 900 1070 160 320 580 990 1010 320 280 930 760 730 620 880 520 910 350 700 300 680 360 410 920 690 730 720 570 540 510 1010 970 500 680 640 420 950 530 860 1010 850 80 320 700 500 350 650 450 440 900 330 1140 280 670 550 510 820 580 460 470 70 890 600 380 710 1060 310
890 300 370 110 400 710 630 520 310 410 220 470 640 590 800 800 260 470 800 650 490 390 0 810 390 620 600 120 410 190 690 230 400 500 820 700 680 390 190 420 630 630 210 110 680 600 430 570 780 150 760 190 370 160 400 500 260 850 360 350 370 220 150 170 760 740 330 580 390 260 740 170 680 640 620 450 420 400 270 220 300 440 150 700 520 790 150 350 230 210 630 610 100 460 440 700 230 20 690 750 450
790 570 910 870 840 270 370 290 710 440 1030 1210 840 220 50 210 550 890 130 320 550 980 810 0 1160 620 320 720 930 950 470 780 1030 360 680 120 800 830 990 400 600 710 690 860 220 220 1140 370 150 870 80 1000 1070 950 440 680 590 200 1070 960 1020 950 740 660 210 190 500 300 420 580 120 680 130 650 220 970 670 1130 540 1030 980 530 960 120 730 600 760 1080 990 590 180 470 880 510 960 100 900 790 350 410 700
980 600 670 420 730 1000 890 890 690 720 200 100 670 950 1170 1180 630 450 1170 930 890 650 390 1160 0 780 990 450 700 210 910 390 240 810 960 1050 740 730 330 800 800 740 600 430 1000 970 120 960 1160 290 1130 300 140 350 720 880 650 1230 140 280 210 210 420 510 1070 1050 720 960 740 660 1070 480 1040 780 950 730 800 90 650 300 210 840 240 1050 880 960 520 110 170 580 980 1000 290 860 720 1050 260 410 1080 990 820
270 360 950 730 930 360 250 530 780 340 750 770 220 540 660 780 480 350 720 300 800 990 620 620 780 0 700 500 980 620 170 420 560 340 190 520 170 920 800 560 20 80 680 730 400 570 700 720 720 560 650 790 640 780 350 910 610 790 640 500 570 600 470 480 430 440 570 650 420 610 500 450 550 30 420 1030 840 700 520 810 570 750 690 520 950 180 700 670 650 480 510 830 610 750 1020 540 530 620 800 260 880
930 460 600 620 530 450 480 160 410 380 820 1050 880 170 280 210 370 840 240 450 230 670 600 320 990 700 0 540 620 780 600 650 910 350 820 290 860 520 750 190 680 770 420 610 380 150 990 50 210 700 240 760 930 710 370 360 340 260 920 840 900 790 580 490 430 400 260 40 300 330 350 520 230 720 310 660 360 980 330 790 840 220 750 290 410 750 510 930 820 410 230 160 690 200 650 260 760 580 110 580 380
770 180 460 230 460 590 510 440 340 290 310 510 540 500 720 730 170 390 720 530 480 490 120 720 450 500 540 0 500 240 570 150 380 390 700 600 580 460 310 350 510 510 230 220 570 520 450 520 700 160 680 310 390 280 280 530 230 770 380 320 360 240 60 50 650 630 270 510 290 230 640 50 590 520 510 540 450 430 200 340 290 430 240 600 550 660 210 380 280 120 530 580 160 440 530 610 210 120 640 630 480
1260 620 30 310 90 940 900 650 220 680 500 800 1040 710 900 820 510 880 860 900 390 70 410 930 700 980 620 500 0 570 1000 640 790 740 1170 860 1070 100 370 540 980 1010 300 300 890 710 780 570 830 550 860 400 740 350 660 290 380 870 730 750 750 600 550 500 970 940 460 630 610 390 910 530 810 1000 820 50 260 750 470 400 690 400 480 860 260 1120 280 710 590 490 780 520 490 420 30 840 630 390 650 1030 250
860 390 530 260 580 800 700 680 500 510 130 270 570 740 960 970 410 360 960 730 690 530 190 950 210 620 780 240 570 0 740 210 220 610 810 840 630 580 230 590 640 600 410 270 790 760 230 750 940 80 920 200 180 230 510 700 450 1010 170 200 180 30 210 290 870 850 510 750 530 450 870 270 820 630 740 610 620 200 440 220 120 640 90 840 710 800 340 150 40 360 770 800 90 660 590 840 90 220 880 810 650
320 390 970 800 940 200 120 450 780 320 860 920 400 430 520 650 490 510 580 160 760 1020 690 470 910 170 600 570 1000 740 0 530 710 270 210 380 340 930 880 510 140 260 700 790 260 460 850 630 590 670 510 870 790 850 330 870 610 660 780 650 720 720 550 530 270 280 550 560 390 610 350 520 420 200 290 1050 820 850 520 900 700 700 790 380 920 140 740 810 770 510 390 760 710 700 1040 410 650 690 700 90 860
670 210 600 340 610 600 500 530 500 330 330 430 410 580 790 830 280 240 800 530 630 620 230 780 390 420 650 150 640 210 530 0 260 420 610 660 450 610 380 460 430 410 380 340 600 600 360 640 790 140 750 370 290 360 330 680 380 870 290 190 240 190 90 180 670 650 400 620 370 380 680 140 650 430 560 680 600 350 330 390 200 570 260 660 700 590 360 300 240 240 600 720 190 580 670 670 130 240 760 600 630
750 470 750 480 790 830 710 790 710 580 330 210 430 840 1040 1090 540 220 1060 760 870 750 400 1030 240 560 910 380 790 220 710 260 0 670 730 910 510 790 440 720 580 510 600 480 840 860 140 900 1050 250 1010 420 90 450 580 900 620 1130 90 70 30 180 330 430 900 890 650 880 630 620 920 390 910 550 800 830 820 150 580 430 100 810 310 910 920 730 550 130 200 500 850 970 300 830 820 920 170 420 1020 800 850
590 210 710 590 670 210 160 190 520 90 700 850 530 200 380 450 250 540 410 150 480 770 500 360 810 340 350 390 740 610 270 420 670 0 480 240 510 660 690 230 320 420 450 580 180 230 780 370 400 530 340 690 720 660 100 600 350 480 710 600 660 600 390 330 260 240 280 310 130 340 260 340 240 370 130 790 550 770 270 720 620 430 630 240 650 410 500 720 650 290 190 490 550 420 780 250 550 490 460 290 580
110 550 1140 930 1110 410 330 670 960 510 940 940 310 650 730 860 660 510 790 380 960 1180 820 680 960 190 820 700 1170 810 210 610 730 480 0 590 230 1110 990 710 180 220 870 930 470 680 870 850 800 750 720 980 820 970 520 1070 790 870 820 680 750 790 660 670 470 490 740 780 590 790 560 650 630 180 510 1220 1020 880 700 1010 750 910 880 590 1120 80 890 850 840 670 600 970 810 900 1210 620 720 820 920 270 1050
700 450 830 770 770 180 270 210 630 320 920 1090 730 140 140 270 440 770 200 220 500 900 700 120 1050 520 290 600 860 840 380 660 910 240 590 0 690 760 890 320 490 600 600 760 120 150 1020 330 210 760 130 890 960 850 330 630 500 280 950 840 900 840 620 550 150 110 410 260 310 490 50 560 50 550 100 900 610 1010 430 920 860 470 850 0 690 510 670 960 880 490 80 450 770 460 890 30 780 690 350 320 640
240 470 1040 800 1030 530 420 700 890 490 760 720 80 710 840 950 600 290 890 470 950 1070 680 800 740 170 860 580 1070 630 340 450 510 510 230 690 0 1030 840 710 190 90 790 800 580 740 650 870 890 590 820 820 600 820 500 1040 730 970 600 470 530 600 530 570 600 610 700 820 570 730 680 530 720 140 590 1120 970 660 650 850 550 890 710 690 1080 270 790 630 650 590 680 990 650 890 1110 720 530 690 970 420 1010
1200 560 90 320 10 860 830 550 140 600 520 820 1000 620 800 710 440 850 760 820 290 160 390 830 730 920 520 460 100 580 930 610 790 660 1110 760 1030 0 400 450 920 960 240 310 800 610 800 470 730 540 760 430 760 370 590 200 310 760 750 750 760 610 520 460 880 850 380 530 530 320 820 490 720 940 730 140 160 770 400 440 690 300 500 760 170 1050 250 730 610 430 680 420 490 320 130 750 620 380 550 950 150
1050 490 340 120 400 900 820 690 380 600 130 430 780 760 980 960 440 580 970 840 600 320 190 990 330 800 750 310 370 230 880 380 440 690 990 890 840 400 0 590 810 790 320 130 870 770 410 710 940 250 940 30 380 30 590 570 410 1000 370 430 410 260 330 360 950 920 490 730 580 420 930 360 860 810 810 400 490 380 450 40 340 560 130 890 560 970 240 340 240 400 810 720 180 580 390 880 310 200 830 940 510
810 270 510 470 460 400 390 110 310 210 640 860 710 180 390 380 180 660 380 370 250 580 420 400 800 560 190 350 540 590 510 460 720 230 710 320 710 450 590 0 550 620 280 450 350 180 800 180 360 510 350 600 740 550 200 360 180 420 730 650 700 600 390 300 430 390 90 160 130 170 370 330 280 580 270 590 320 790 140 630 640 190 570 320 410 650 360 740 630 220 240 280 500 190 570 310 560 400 300 510 350
270 360 950 740 930 330 220 520 780 330 770 790 250 520 640 760 480 380 690 270 800 990 630 600 800 20 680 510 980 640 140 430 580 320 180 490 190 920 810 550 0 110 680 740 380 550 720 700 700 580 620 800 660 790 340 900 610 770 660 520 600 620 480 480 410 410 560 640 420 600 480 460 530 50 400 1030 840 720 520 830 590 740 700 490 940 160 710 690 670 480 490 820 630 740 1020 520 550 630 780 240 880
260 390 970 740 960 450 330 610 820 400 730 720 130 620 750 860 520 290 800 390 860 1010 630 710 740 80 770 510 1010 600 260 410 510 420 220 600 90 960 790 620 110 0 710 740 490 650 650 790 810 550 730 780 600 770 410 960 660 880 600 460 530 570 470 500 520 530 620 730 490 650 590 470 630 60 500 1060 890 660 570 810 530 800 670 600 1000 230 720 630 620 520 590 900 600 800 1040 630 500 630 880 350 930
960 320 260 200 240 650 600 390 110 380 410 680 760 460 670 630 210 630 650 610 280 320 210 690 600 680 420 230 300 410 700 380 600 450 870 600 790 240 320 280 680 710 0 190 610 460 640 380 620 350 630 340 580 290 360 300 100 680 570 550 570 430 290 220 690 660 190 410 320 110 650 260 560 700 540 350 220 610 180 370 500 240 350 600 320 820 80 560 440 190 520 400 310 260 330 590 430 180 500 730 250
1000 390 270 10 310 790 720 560 250 490 230 520 750 630 850 820 330 570 830 730 470 280 110 860 430 730 610 220 300 270 790 340 480 580 930 760 800 310 130 450 740 740 190 0 760 640 490 580 810 240 800 150 450 100 480 450 270 870 440 450 450 300 270 260 840 810 360 600 460 280 800 270 730 740 690 340 370 460 320 170 380 430 190 760 450 890 100 420 300 290 680 590 180 450 330 760 320 100 690 840 390
580 400 870 770 810 60 150 260 670 280 890 1030 620 210 260 390 430 680 320 100 580 930 680 220 1000 400 380 570 890 790 260 600 840 180 470 120 580 800 870 350 380 490 610 760 0 230 960 420 330 710 250 880 890 840 280 700 510 400 890 770 840 790 580 520 80 50 430 340 300 500 90 530 160 430 70 940 670 950 440 910 800 530 820 120 760 390 680 900 830 470 150 540 740 520 930 150 730 670 460 210 700
790 390 690 650 620 300 340 80 490 280 820 1020 760 30 200 230 340 760 200 300 350 760 600 220 970 570 150 520 710 760 460 600 860 230 680 150 740 610 770 180 550 650 460 640 230 0 960 190 190 680 160 780 890 740 280 480 370 260 890 790 850 760 550 460 290 250 280 110 230 360 210 480 100 600 170 750 460 940 320 810 790 320 750 150 540 600 540 890 800 390 80 310 680 310 740 130 720 580 240 430 490
890 570 750 480 800 950 840 880 730 690 280 70 570 940 1150 1180 620 360 1160 880 920 730 430 1140 120 700 990 450 780 230 850 360 140 780 870 1020 650 800 410 800 720 650 640 490 960 960 0 970 1150 290 1110 380 60 430 690 930 670 1220 70 190 120 210 410 500 1030 1010 730 970 720 680 1040 470 1010 690 920 810 850 30 660 390 160 870 300 1020 940 870 570 70 190 580 960 1030 320 890 800 1030 240 450 1100 930 880
960 450 550 590 480 480 510 180 360 390 790 1030 890 210 330 250 350 840 290 480 180 620 570 370 960 720 50 520 570 750 630 640 900 370 850 330 870 470 710 180 700 790 380 580 420 190 970 0 260 680 290 730 910 680 380 310 310 300 910 830 880 770 570 470 480 440 240 70 310 300 390 500 280 740 350 610 310 950 310 750 820 170 720 330 360 780 470 900 800 400 270 120 660 150 600 310 740 550 120 620 330
910 580 810 820 740 390 480 260 620 470 1000 1210 930 210 90 60 530 940 30 430 440 880 780 150 1160 720 210 700 830 940 590 790 1050 400 800 210 890 730 940 360 700 810 620 810 330 190 1150 260 0 870 80 960 1090 910 470 560 530 70 1080 980 1040 950 740 650 340 320 450 210 420 520 250 670 170 750 300 870 570 1130 500 980 990 430 930 210 610 720 710 1080 990 580 210 330 860 410 860 180 910 760 200 530 590
810 310 510 240 540 720 620 600 460 430 190 350 530 660 880 890 330 340 880 650 630 520 150 870 290 560 700 160 550 80 670 140 250 530 750 760 590 540 250 510 580 550 350 240 710 680 290 680 870 0 840 230 230 240 430 650 380 940 220 200 220 80 130 210 790 770 430 680 450 380 790 190 740 570 660 590 570 270 370 250 150 570 120 760 670 740 300 220 120 290 690 730 60 590 580 760 80 170 800 740 600
830 540 840 820 770 310 400 240 640 420 980 1180 860 180 40 140 500 890 70 350 470 910 760 80 1130 650 240 680 860 920 510 750 1010 340 720 130 820 760 940 350 620 730 630 800 250 160 1110 290 80 840 0 950 1050 900 420 600 530 150 1040 940 1000 920 710 620 260 230 440 230 390 520 160 640 100 680 230 900 600 1100 490 980 950 460 910 130 650 640 710 1050 960 550 150 390 840 440 890 100 870 750 270 450 620
1040 490 370 140 430 900 820 700 410 600 100 400 760 770 990 970 450 560 980 840 620 350 190 1000 300 790 760 310 400 200 870 370 420 690 980 890 820 430 30 600 800 780 340 150 880 780 380 730 960 230 950 0 350 50 590 590 420 1020 340 400 380 240 320 360 960 930 510 750 580 430 930 360 870 800 810 430 520 350 460 30 320 580 110 890 590 960 260 320 210 410 820 750 170 600 420 890 290 200 850 940 540
840 500 710 440 760 890 780 820 690 630 260 130 520 870 1080 1120 560 310 1100 820 860 700 370 1070 140 640 930 390 740 180 790 290 90 720 820 960 600 760 380 740 660 600 580 450 890 890 60 910 1090 230 1050 350 0 390 630 880 620 1160 10 140 70 150 350 440 960 950 670 910 660 620 980 410 950 640 850 780 800 60 600 360 90 810 260 960 890 820 520 40 150 510 890 970 270 830 770 970 170 400 1040 870 830
1040 460 320 80 370 870 790 660 350 570 150 450 770 730 940 920 410 580 930 810 560 300 160 950 350 780 710 280 350 230 850 360 450 660 970 850 820 370 30 550 790 770 290 100 840 740 430 680 910 240 900 50 390 0 560 540 370 970 380 430 410 260 310 330 920 890 460 700 540 380 890 330 820 790 770 380 460 400 410 70 350 530 130 850 530 940 200 360 250 370 770 690 170 550 370 850 310 170 790 910 480
620 120 630 490 600 310 240 210 450 10 600 760 510 250 450 510 150 480 480 250 450 680 400 440 720 350 370 280 660 510 330 330 580 100 520 330 500 590 590 200 340 410 360 480 280 280 690 380 470 430 420 590 630 560 0 550 280 540 620 510 570 510 290 230 360 340 220 330 70 270 350 240 320 380 230 710 490 680 180 620 530 390 530 330 600 460 410 630 550 190 260 480 450 390 700 340 450 390 480 370 530
1170 570 290 460 210 760 760 440 190 560 680 970 1030 500 640 540 440 920 590 740 130 360 500 680 880 910 360 530 290 700 870 680 900 600 1070 630 1040 200 570 360 900 960 300 450 700 480 930 310 560 650 600 590 880 540 550 0 310 590 870 850 870 730 590 500 770 730 330 380 480 310 690 540 580 930 630 320 80 900 390 610 800 170 640 630 50 1010 360 860 740 450 560 230 610 180 310 610 730 480 370 880 50
890 260 350 290 320 560 510 290 170 290 480 730 720 360 570 540 130 610 550 510 250 410 260 590 650 610 340 230 380 450 610 380 620 350 790 500 730 310 410 180 610 660 100 270 510 370 670 310 530 380 530 420 620 370 280 310 0 590 610 560 590 460 290 200 590 560 90 320 220 10 550 240 460 640 440 430 230 650 90 450 530 190 410 500 340 740 170 600 490 140 420 350 360 210 420 490 450 240 430 640 270
980 660 850 880 770 460 550 340 670 550 1070 1280 1000 290 140 50 600 1020 80 500 470 920 850 200 1230 790 260 770 870 1010 660 870 1130 480 870 280 970 760 1000 420 770 880 680 870 400 260 1220 300 70 940 150 1020 1160 970 540 590 590 0 1150 1060 1110 1020 810 720 400 380 510 260 500 580 310 750 240 820 370 900 600 1210 570 1040 1060 470 1000 280 640 790 760 1160 1060 650 290 360 930 450 890 250 980 830 220 600 620
840 500 700 430 750 890 770 810 680 620 250 130 530 860 1080 1110 550 310 1090 810 860 690 360 1070 140 640 920 380 730 170 780 290 90 710 820 950 600 750 370 730 660 600 570 440 890 890 70 910 1080 220 1040 340 10 380 620 870 610 1150 0 140 70 140 340 430 960 940 660 900 650 610 970 400 940 640 850 770 790 60 590 350 90 800 250 950 880 820 510 30 140 510 890 960 260 820 760 960 170 390 1030 870 820
710 400 720 440 750 760 640 720 660 510 320 270 390 770 970 1020 470 180 990 690 810 730 350 960 280 500 840 320 750 200 650 190 70 600 680 840 470 750 430 650 520 460 550 450 770 790 190 830 980 200 940 400 140 430 510 850 560 1060 140 0 70 160 260 360 830 820 590 810 560 560 850 320 840 500 730 800 770 200 520 420 80 750 290 840 870 680 500 170 190 430 780 900 260 770 780 850 120 370 950 730 800
770 460 720 440 760 830 720 770 680 580 290 190 460 820 1030 1080 520 240 1050 760 840 720 370 1020 210 570 900 360 750 180 720 240 30 660 750 900 530 760 410 700 600 530 570 450 840 850 120 880 1040 220 1000 380 70 410 570 870 590 1110 70 70 0 150 310 410 900 890 630 870 610 600 920 370 900 570 800 790 790 130 560 390 70 790 270 900 890 750 520 100 170 480 840 940 270 800 780 910 140 390 1000 800 820
830 380 570 290 610 790 690 680 530 510 160 260 540 740 960 980 420 330 970 720 710 570 220 950 210 600 790 240 600 30 720 190 180 600 790 840 600 610 260 600 620 570 430 300 790 760 210 770 950 80 920 240 150 260 510 730 460 1020 140 160 150 0 210 300 860 840 520 760 530 470 860 270 830 600 740 640 650 180 450 260 80 660 130 840 740 780 370 130 50 370 770 820 120 680 630 840 70 240 890 800 670
730 180 510 270 520 590 500 470 410 300 310 470 490 530 740 770 210 330 750 520 540 540 150 740 420 470 580 60 550 210 550 90 330 390 660 620 530 520 330 390 480 470 290 270 580 550 410 570 740 130 710 320 350 310 290 590 290 810 340 260 310 210 0 90 660 630 320 560 320 290 650 60 610 480 530 600 510 390 250 350 250 480 240 620 610 630 270 340 250 170 560 630 160 500 580 630 170 160 690 620 540
750 130 470 260 460 540 460 380 330 240 370 560 540 440 660 670 120 410 660 480 450 510 170 660 510 480 490 50 500 290 530 180 430 330 670 550 570 460 360 300 480 500 220 260 520 460 500 470 650 210 620 360 440 330 230 500 200 720 430 360 410 300 90 0 600 570 220 460 230 200 580 40 530 490 460 550 420 490 150 390 340 390 300 550 530 630 220 440 340 70 470 540 220 400 540 550 260 160 590 580 460
580 480 940 850 890 70 190 330 740 350 970 1100 660 270 260 410 510 740 320 140 640 1010 760 210 1070 430 430 650 970 870 270 670 900 260 470 150 600 880 950 430 410 520 690 840 80 290 1030 480 340 790 260 960 960 920 360 770 590 400 960 830 900 860 660 600 0 30 500 400 380 580 90 600 200 460 150 1020 740 1020 520 980 870 600 890 150 820 390 760 970 910 550 200 600 810 590 1000 180 800 750 500 200 770
600 450 910 820 860 80 190 290 710 330 940 1080 660 230 240 380 480 730 300 140 610 970 740 190 1050 440 400 630 940 850 280 650 890 240 490 110 610 850 920 390 410 530 660 810 50 250 1010 440 320 770 230 930 950 890 340 730 560 380 940 820 890 840 630 570 30 0 470 360 350 550 70 580 170 470 120 980 710 1000 490 960 850 570 870 110 790 410 730 960 890 520 170 560 790 550 970 140 780 720 470 220 740
840 240 430 370 390 470 440 200 240 230 550 780 700 270 480 470 120 620 470 430 240 500 330 500 720 570 260 270 460 510 550 400 650 280 740 410 700 380 490 90 560 620 190 360 430 280 730 240 450 430 440 510 670 460 220 330 90 510 660 590 630 520 320 220 500 470 0 240 150 80 460 260 370 600 350 510 270 710 70 530 570 180 480 410 380 680 260 660 550 150 330 310 420 190 500 400 490 310 360 570 310
890 420 610 610 540 410 440 120 410 340 800 1030 840 130 270 220 340 810 230 410 250 680 580 300 960 650 40 510 630 750 560 620 880 310 780 260 820 530 730 160 640 730 410 600 340 110 970 70 210 680 230 750 910 700 330 380 320 260 900 810 870 760 560 460 400 360 240 0 260 310 310 490 200 680 280 670 370 950 310 780 810 230 730 260 430 710 500 900 790 390 190 190 670 210 660 230 730 560 150 540 390
690 160 580 470 540 330 290 160 390 80 600 790 580 210 420 460 130 540 430 280 380 640 390 420 740 420 300 290 610 530 390 370 630 130 590 310 570 530 580 130 420 490 320 460 300 230 720 310 420 450 390 580 660 540 70 480 220 500 650 560 610 530 320 230 380 350 150 260 0 210 350 250 290 450 230 660 430 710 140 610 560 320 530 310 530 530 380 660 570 170 240 410 460 320 650 310 480 380 410 420 460
880 250 360 290 330 550 510 280 170 280 480 730 710 350 560 540 130 610 550 500 250 420 260 580 660 610 330 230 390 450 610 380 620 340 790 490 730 320 420 170 600 650 110 280 500 360 680 300 520 380 520 430 620 380 270 310 10 580 610 560 600 470 290 200 580 550 80 310 210 0 540 240 450 630 430 440 240 660 80 460 530 190 420 490 340 730 180 610 490 140 410 340 360 200 430 480 450 240 420 630 270
670 470 890 820 830 150 250 260 680 350 950 1110 720 190 170 310 480 780 230 200 560 950 740 120 1070 500 350 640 910 870 350 680 920 260 560 50 680 820 930 370 480 590 650 800 90 210 1040 390 250 790 160 930 980 890 350 690 550 310 970 850 920 860 650 580 90 70 460 310 350 540 0 600 110 530 120 960 670 1030 480 960 880 530 880 50 750 480 720 990 910 520 130 510 800 520 940 80 810 730 410 290 700
730 130 500 280 500 540 460 410 370 250 360 530 500 460 680 700 150 370 690 480 490 530 170 680 480 450 520 50 530 270 520 140 390 340 650 560 530 490 360 330 460 470 260 270 530 480 470 500 670 190 640 360 410 330 240 540 240 750 400 320 370 270 60 40 600 580 260 490 250 240 600 0 550 470 470 580 460 460 190 390 310 430 280 560 570 610 250 410 310 100 490 570 200 440 570 570 230 170 630 580 500
750 440 790 740 720 230 310 170 590 320 900 1080 760 100 130 230 420 780 160 260 450 860 680 130 1040 550 230 590 810 820 420 650 910 240 630 50 720 720 860 280 530 630 560 730 160 100 1010 280 170 740 100 870 950 820 320 580 460 240 940 840 900 830 610 530 200 170 370 200 290 450 110 550 0 580 130 850 570 1000 410 900 850 420 830 50 640 560 640 950 870 460 50 390 750 410 840 30 780 660 300 370 590
250 380 970 750 950 390 270 560 800 370 760 760 200 570 690 810 500 340 740 330 830 1010 640 650 780 30 720 520 1000 630 200 430 550 370 180 550 140 940 810 580 50 60 700 740 430 600 690 740 750 570 680 800 640 790 380 930 640 820 640 500 570 600 480 490 460 470 600 680 450 630 530 470 580 0 450 1050 870 700 550 820 570 770 690 550 970 180 720 670 650 500 540 860 620 770 1040 570 530 640 830 290 900
620 350 790 700 740 130 180 180 590 220 830 990 630 140 250 360 360 660 290 130 500 850 620 220 950 420 310 510 820 740 290 560 800 130 510 100 590 730 810 270 400 500 540 690 70 170 920 350 300 660 230 810 850 770 230 630 440 370 850 730 800 740 530 460 150 120 350 280 230 430 120 470 130 450 0 860 590 910 370 840 760 460 760 100 680 430 610 860 780 400 90 470 680 450 850 130 680 610 400 260 630
1310 670 80 350 130 990 950 690 270 730 530 830 1090 760 940 850 560 920 900 950 430 80 450 970 730 1030 660 540 50 610 1050 680 830 790 1220 900 1120 140 400 590 1030 1060 350 340 940 750 810 610 870 590 900 430 780 380 710 320 430 900 770 800 790 640 600 550 1020 980 510 670 660 440 960 580 850 1050 860 0 300 780 520 430 730 440 520 900 280 1170 330 740 630 540 820 550 530 460 10 890 670 440 690 1080 280
1120 500 250 380 170 730 710 410 110 510 600 890 960 470 640 550 370 840 600 700 130 320 420 670 800 840 360 450 260 620 820 600 820 550 1020 610 970 160 490 320 840 890 220 370 670 460 850 310 570 570 600 520 800 460 490 80 230 600 790 770 790 650 510 420 740 710 270 370 430 240 670 460 570 870 590 300 0 820 320 540 720 140 560 610 100 960 280 780 660 380 540 260 530 160 290 600 650 400 390 840 30
900 560 720 450 770 950 840 870 710 680 250 70 580 920 1140 1160 610 370 1150 880 900 700 400 1130 90 700 980 430 750 200 850 350 150 770 880 1010 660 770 380 790 720 660 610 460 950 940 30 950 1130 270 1100 350 60 400 680 900 650 1210 60 200 130 180 390 490 1020 1000 710 950 710 660 1030 460 1000 700 910 780 820 0 640 350 150 850 270 1010 910 880 540 50 160 560 950 1010 300 860 770 1020 220 420 1080 930 850
800 180 440 330 410 470 420 240 260 200 490 720 640 310 530 530 50 550 520 430 310 500 270 540 650 520 330 200 470 440 520 330 580 270 700 430 650 400 450 140 520 570 180 320 440 320 660 310 500 370 490 460 600 410 180 390 90 570 590 520 560 450 250 150 520 490 70 310 140 80 480 190 410 550 370 520 320 640 0 490 500 250 430 430 420 650 240 590 480 80 360 380 360 260 510 430 420 250 430 550 350
1070 520 370 160 430 930 850 730 420 630 100 400 790 800 1020 1000 480 580 1010 870 640 350 220 1030 300 810 790 340 400 220 900 390 430 720 1010 920 850 440 40 630 830 810 370 170 910 810 390 750 980 250 980 30 360 70 620 610 450 1040 350 420 390 260 350 390 980 960 530 780 610 460 960 390 900 820 840 430 540 350 490 0 340 600 130 920 600 990 280 320 230 430 850 770 200 620 420 920 320 230 870 970 550
780 410 650 370 690 800 690 720 610 530 240 230 480 770 990 1020 460 260 1000 720 780 650 300 980 210 570 840 290 690 120 700 200 100 620 750 860 550 690 340 640 590 530 500 380 800 790 160 820 990 150 950 320 90 350 530 800 530 1060 90 80 70 80 250 340 870 850 570 810 560 530 880 310 850 570 760 730 720 150 500 340 0 720 210 860 820 750 450 100 110 420 800 880 200 740 710 870 80 320 940 780 750
1010 420 380 440 310 590 590 270 190 400 650 920 880 330 500 420 300 800 460 570 60 450 440 530 840 750 220 430 400 640 700 570 810 430 910 470 890 300 560 190 740 800 240 430 530 320 870 170 430 570 460 580 810 530 390 170 190 470 800 750 790 660 480 390 600 570 180 230 320 190 530 430 420 770 460 440 140 850 250 600 720 0 590 470 220 840 320 800 680 330 400 160 550 20 430 450 640 420 270 710 170
940 410 450 180 500 830 740 670 440 530 70 330 650 730 950 950 410 450 950 760 640 440 150 960 240 690 750 240 480 90 790 260 310 630 880 850 710 500 130 570 700 670 350 190 820 750 300 720 930 120 910 110 260 130 530 640 410 1000 250 290 270 130 240 300 890 870 480 730 530 420 880 280 830 690 760 520 560 270 430 130 210 590 0 850 640 860 280 230 110 360 770 760 80 610 500 850 180 170 840 860 580
700 450 830 770 770 180 270 210 630 320 920 1090 730 140 140 270 440 770 200 220 500 900 700 120 1050 520 290 600 860 840 380 660 910 240 590 0 690 760 890 320 490 600 600 760 120 150 1020 330 210 760 130 890 960 850 330 630 500 280 950 840 900 840 620 550 150 110 410 260 310 490 50 560 50 550 100 900 610 1010 430 920 860 470 850 0 690 510 670 960 880 490 80 450 770 460 890 30 780 690 350 320 640
1220 600 260 460 180 810 810 490 210 610 680 970 1060 550 690 590 470 940 640 790 180 330 520 730 880 950 410 550 260 710 920 700 920 650 1120 690 1080 170 560 410 940 1000 320 450 760 540 940 360 610 670 650 590 890 530 600 50 340 640 880 870 890 740 610 530 820 790 380 430 530 340 750 570 640 970 680 280 100 910 420 600 820 220 640 690 0 1060 370 870 750 490 620 280 620 230 280 670 750 500 420 930 70
190 500 1090 900 1060 330 260 590 910 450 930 950 350 570 650 780 610 520 710 300 900 1140 790 600 960 180 750 660 1120 800 140 590 730 410 80 510 270 1050 970 650 160 230 820 890 390 600 870 780 720 740 640 960 820 940 460 1010 740 790 820 680 750 780 630 630 390 410 680 710 530 730 480 610 560 180 430 1170 960 880 650 990 750 840 860 510 1060 0 850 850 830 620 530 900 790 840 1160 540 710 780 840 190 990
980 340 240 120 250 710 650 470 160 420 330 610 760 540 750 720 250 600 730 660 360 280 150 760 520 700 510 210 280 340 740 360 550 500 890 670 790 250 240 360 710 720 80 100 680 540 570 470 710 300 710 260 520 200 410 360 170 760 510 500 520 370 270 220 760 730 260 500 380 180 720 250 640 720 610 330 280 540 240 280 450 320 280 670 370 850 0 500 380 220 590 480 250 340 310 660 380 130 590 780 300
870 510 680 410 730 900 790 820 660 630 220 120 560 870 1090 1110 560 340 1100 830 850 670 350 1080 110 670 930 380 710 150 810 300 130 720 850 960 630 730 340 740 690 630 560 420 900 890 70 900 1080 220 1050 320 40 360 630 860 600 1160 30 170 100 130 340 440 970 960 660 900 660 610 990 410 950 670 860 740 780 50 590 320 100 800 230 960 870 850 500 0 120 510 900 960 250 810 730 970 170 370 1030 890 800
880 430 560 290 610 840 740 720 540 550 120 230 580 780 1000 1010 460 370 1000 770 730 550 230 990 170 650 820 280 590 40 770 240 200 650 840 880 650 610 240 630 670 620 440 300 830 800 190 800 990 120 960 210 150 250 550 740 490 1060 140 190 170 50 250 340 910 890 550 790 570 490 910 310 870 650 780 630 660 160 480 230 110 680 110 880 750 830 380 120 0 410 810 840 130 700 620 890 120 260 920 850 680
760 120 460 300 440 500 430 310 300 200 430 630 570 370 590 600 50 470 590 440 390 510 210 590 580 480 410 120 490 360 510 240 500 290 670 490 590 430 400 220 480 520 190 290 470 390 580 400 580 290 550 410 510 370 190 450 140 650 510 430 480 370 170 70 550 520 150 390 170 140 520 100 460 500 400 540 380 560 80 430 420 330 360 490 490 620 220 510 410 0 410 470 280 340 530 490 340 200 520 560 410
720 380 750 690 690 210 270 130 550 260 850 1020 710 60 190 270 360 730 210 220 430 820 630 180 980 510 230 530 780 770 390 600 850 190 600 80 680 680 810 240 490 590 520 680 150 80 960 270 210 690 150 820 890 770 260 560 420 290 890 780 840 770 560 470 200 170 330 190 240 410 130 490 50 540 90 820 540 950 360 850 800 400 770 80 620 530 590 900 810 410 0 390 700 380 810 70 720 610 310 350 570
1080 550 510 600 430 610 640 300 350 490 820 1080 990 330 420 310 430 930 370 600 130 580 610 470 1000 830 160 580 520 800 760 720 970 490 970 450 990 420 720 280 820 900 400 590 540 310 1030 120 330 730 390 750 970 690 480 230 350 360 960 900 940 820 630 540 600 560 310 190 410 340 510 570 390 860 470 550 260 1010 380 770 880 160 760 450 280 900 480 960 840 470 390 0 710 140 540 420 800 580 140 740 260
870 330 450 180 490 750 660 600 410 450 150 370 590 660 880 890 330 400 880 680 600 460 100 880 290 610 690 160 490 90 710 190 300 550 810 770 650 490 180 500 630 600 310 180 740 680 320 660 860 60 840 170 270 170 450 610 360 930 260 260 270 120 160 220 810 790 420 670 460 360 800 200 750 620 680 530 530 300 360 200 200 550 80 770 620 790 250 250 130 280 700 710 0 560 520 770 140 120 790 780 550
1010 430 400 460 330 580 580 260 210 400 670 930 890 320 480 400 310 810 440 560 50 470 460 510 860 750 200 440 420 660 700 580 830 420 900 460 890 320 580 190 740 800 260 450 520 310 890 150 410 590 440 600 830 550 390 180 210 450 820 770 800 680 500 400 590 550 190 210 320 200 520 440 410 770 450 460 160 860 260 620 740 20 610 460 230 840 340 810 700 340 380 140 560 0 450 440 660 440 250 700 180
1290 660 70 340 120 980 940 680 260 710 520 820 1070 750 930 840 540 910 890 940 420 70 440 960 720 1020 650 530 30 590 1040 670 820 780 1210 890 1110 130 390 570 1020 1040 330 330 930 740 800 600 860 580 890 420 770 370 700 310 420 890 760 780 780 630 580 540 1000 970 500 660 650 430 940 570 840 1040 850 10 290 770 510 420 710 430 500 890 280 1160 310 730 620 530 810 540 520 450 0 870 660 430 680 1070 270
730 460 820 770 760 210 300 200 620 330 920 1100 760 130 120 240 440 790 170 250 480 890 700 100 1050 540 260 610 840 840 410 670 920 250 620 30 720 750 880 310 520 630 590 760 150 130 1030 310 180 760 100 890 970 850 340 610 490 250 960 850 910 840 630 550 180 140 400 230 310 480 80 570 30 570 130 890 600 1020 430 920 870 450 850 30 670 540 660 970 890 490 70 420 770 440 870 0 790 690 320 360 620
760 330 600 320 630 730 620 640 540 460 230 300 470 700 910 940 380 260 920 660 700 600 230 900 260 530 760 210 630 90 650 130 170 550 720 780 530 620 310 560 550 500 430 320 730 720 240 740 910 80 870 290 170 310 450 730 450 980 170 120 140 70 170 260 800 780 490 730 480 450 810 230 780 530 680 670 650 220 420 320 80 640 180 780 750 710 380 170 120 340 720 800 140 660 660 790 0 250 860 730 680
890 290 360 110 380 700 620 500 290 400 240 490 650 570 790 780 250 480 780 640 470 380 20 790 410 620 580 120 390 220 690 240 420 490 820 690 690 380 200 400 630 630 180 100 670 580 450 550 760 170 750 200 400 170 390 480 240 830 390 370 390 240 160 160 750 720 310 560 380 240 730 170 660 640 610 440 400 420 250 230 320 420 170 690 500 780 130 370 260 200 610 580 120 440 430 690 250 0 670 740 430
1030 570 640 710 560 530 580 270 460 490 910 1150 990 260 300 170 470 950 230 540 250 710 690 350 1080 800 110 640 650 880 700 760 1020 460 920 350 970 550 830 300 780 880 500 690 460 240 1100 120 200 800 270 850 1040 790 480 370 430 220 1030 950 1000 890 690 590 500 470 360 150 410 420 410 630 300 830 400 690 390 1080 430 870 940 270 840 350 420 840 590 1030 920 520 310 140 790 250 680 320 860 670 0 670 400
380 450 1000 850 960 140 130 440 810 360 930 1000 490 410 460 600 530 610 520 140 760 1060 750 410 990 260 580 630 1030 810 90 600 800 290 270 320 420 950 940 510 240 350 730 840 210 430 930 620 530 740 450 940 870 910 370 880 640 600 870 730 800 800 620 580 200 220 570 540 420 630 290 580 370 290 260 1080 840 930 550 970 780 710 860 320 930 190 780 890 850 560 350 740 780 700 1070 360 730 740 670 0 870
1150 530 240 400 160 760 750 440 140 540 620 910 990 500 660 570 400 870 620 730 150 310 450 700 820 880 380 480 250 650 860 630 850 580 1050 640 1010 150 510 350 880 930 250 390 700 490 880 330 590 600 620 540 830 480 530 50 270 620 820 800 820 670 540 460 770 740 310 390 460 270 700 500 590 900 630 280 30 850 350 550 750 170 580 640 70 990 300 800 680 410 570 260 550 180 270 620 680 430 400 870 0
