100
14875 14915 20
885 905 10
10347 10397 15
15856 15906 20
26574 26594 10
46987 47037 20
13886 13936 5
17811 17851 15
46779 46829 10
20597 20617 5
2590 2640 10
21281 21291 5
6156 6196 20
28838 28848 5
38698 38748 10
1792 1842 20
43926 43936 20
24375 24425 15
47427 47437 15
37315 37345 20
18077 18097 15
4393 4443 15
22283 22293 15
1464 1484 15
25251 25271 5
34778 34828 5
25943 25953 20
52491 52501 15
37744 37794 15
48934 48974 20
46473 46513 5
56077 56117 10
10921 10931 5
30508 30518 15
55248 55258 15
42920 42960 20
7474 7494 10
28660 28670 5
18596 18636 15
31196 31236 5
22366 22376 20
36753 36793 10
23047 23097 20
42103 42113 5
28204 28234 5
1934 1974 10
9896 9926 5
3320 3330 10
11593 11643 20
17542 17552 5
26741 26751 10
49622 49662 10
43986 44006 15
53479 53489 5
56625 56665 20
39969 39979 5
9198 9248 15
32012 32062 10
21818 21838 15
39723 39733 20
21556 21606 10
7657 7707 20
54886 54916 15
19930 19980 15
32885 32935 5
53910 53920 5
27615 27645 20
23602 23652 5
48266 48286 5
18891 18941 20
23915 23965 15
13152 13172 5
7868 7918 10
55557 55607 5
45131 45141 15
52070 52090 15
5505 5545 15
16781 16801 10
27062 27102 5
33681 33701 5
27235 27285 15
19432 19472 5
39490 39540 20
8641 8691 10
55407 55457 20
41643 41663 15
12201 12211 10
43201 43231 10
45796 45816 10
14134 14144 10
40940 40960 10
44446 44486 10
6649 6659 5
50803 50853 15
7299 7329 10
29566 29596 15
51796 51826 15
35716 35726 15
50051 50071 15
30122 30172 15
0 1200 890 1010 260 790 610 750 980 760 670 250 580 730 1070 910 670 870 700 830 890 730 960 1070 890 780 190 1200 980 940 900 810 770 870 880 380 1220 840 1000 1150 270 1010 900 830 440 810 790 1290 930 960 1040 700 880 840 1040 1170 1120 1030 1050 620 960 760 860 720 600 750 890 270 1060 240 1310 750 110 770 620 970 580 730 1080 690 1220 630 800 890 490 520 840 1000 1260 320 980 320 750 780 710 760 590 840 990 1260 530
1200 0 380 330 960 620 610 790 250 440 610 950 890 520 430 740 830 730 770 770 320 500 820 300 540 690 1060 10 770 500 770 540 460 490 610 960 180 750 310 160 930 310 770 610 830 460 840 120 530 480 430 770 330 760 370 210 170 560 400 600 240 630 580 690 860 720 800 930 150 1030 130 450 1110 760 740 720 810 760 430 540 80 570 410 400 830 860 390 320 90 940 730 1010 460 560 750 630 670 810 520 150 860
890 380 0 440 630 580 400 420 130 200 240 640 750 160 230 760 730 370 690 750 240 170 490 470 560 320 780 380 830 170 420 170 120 120 260 740 500 390 100 430 630 420 780 240 620 400 790 430 580 550 200 690 240 400 170 480 400 670 200 390 180 570 220 610 720 660 450 620 290 690 440 250 820 390 610 780 670 690 580 380 360 290 250 20 640 700 310 110 390 690 410 650 160 500 370 250 490 790 240 380 480
1010 330 440 0 800 310 400 830 340 340 580 770 590 500 620 410 520 810 460 440 210 440 930 50 210 740 840 320 450 610 860 590 440 560 700 700 230 820 450 180 740 20 440 680 580 190 510 450 200 150 600 460 200 830 550 180 160 250 580 390 260 320 660 380 550 410 890 750 210 890 460 310 900 800 450 400 520 440 140 320 400 430 260 460 560 580 190 460 420 700 860 890 400 260 770 660 420 480 670 470 810
260 960 630 800 0 650 400 510 720 520 410 60 520 470 810 810 590 630 600 730 660 470 720 860 730 530 230 960 880 670 660 550 510 600 620 350 1000 600 740 930 110 800 800 570 330 620 710 1040 770 790 780 600 650 600 770 960 890 880 790 410 710 620 600 590 530 630 650 80 820 90 1060 520 220 530 500 860 490 630 900 490 970 390 570 630 390 450 620 740 1010 260 740 130 500 610 460 500 420 750 730 1010 290
790 620 580 310 650 0 280 860 540 390 600 600 290 550 810 190 210 890 150 160 370 480 1020 350 110 790 600 610 260 750 940 680 520 680 800 430 540 890 640 490 550 320 200 760 340 180 220 740 150 190 780 150 360 890 740 480 460 240 770 280 460 30 760 80 250 100 960 570 490 740 750 340 680 850 170 230 230 130 310 230 690 390 320 600 300 300 280 650 710 460 970 760 460 80 790 720 230 200 820 760 760
610 610 400 400 400 280 0 580 420 200 330 370 350 300 630 470 350 630 320 420 290 250 760 460 340 530 450 600 550 530 680 430 290 450 550 360 610 620 490 540 330 400 480 510 230 210 440 710 380 390 600 320 280 630 570 560 510 490 600 10 380 250 510 260 330 320 690 340 460 490 730 170 510 580 220 510 280 330 490 80 640 120 200 410 240 300 230 500 680 320 720 500 240 220 510 460 90 460 610 700 470
750 790 420 830 510 860 580 0 550 500 260 550 900 330 430 1050 920 130 910 1010 620 390 210 870 880 100 730 790 1130 310 150 250 380 300 200 800 920 90 480 850 580 810 1060 180 710 720 1030 820 910 900 420 910 620 90 450 900 820 1020 440 580 600 840 220 850 890 910 140 560 710 510 830 540 730 30 800 1090 840 920 970 630 750 470 580 400 760 830 650 480 790 710 240 430 430 790 70 170 670 1040 330 750 220
980 250 130 340 720 540 420 550 0 220 360 720 760 270 280 710 720 500 670 710 170 250 610 360 500 450 850 250 760 280 540 300 210 250 380 780 370 510 100 300 710 320 730 370 650 360 760 310 510 470 260 670 180 520 200 360 280 590 240 410 80 540 340 590 730 640 570 700 160 790 330 250 890 520 610 720 680 660 480 380 240 340 240 150 660 710 260 120 280 740 520 760 220 470 500 380 500 750 330 280 600
760 440 200 340 520 390 200 500 220 0 240 500 550 170 430 580 520 510 490 550 140 100 630 390 390 420 620 430 650 360 560 290 120 280 410 560 490 510 290 410 480 330 590 370 430 220 590 530 410 400 410 490 140 510 370 450 380 520 400 190 190 370 360 410 520 460 580 480 300 590 540 50 670 480 400 600 470 490 470 170 460 120 80 210 440 500 150 300 490 510 580 570 70 310 430 340 290 590 430 510 470
670 610 240 580 410 600 330 260 360 240 0 430 670 90 390 790 680 300 660 750 380 140 430 630 620 200 590 610 870 260 350 140 150 190 240 600 700 290 340 630 430 570 800 190 500 460 780 670 650 640 370 660 380 290 360 680 600 760 380 330 380 580 210 600 650 650 360 420 500 450 680 280 610 240 560 830 600 670 720 370 600 210 330 230 530 600 400 340 640 530 390 410 180 530 190 130 420 790 330 620 240
250 950 640 770 60 600 370 550 720 500 430 0 460 480 820 750 530 670 550 680 640 470 760 830 680 570 180 940 820 690 700 570 520 620 650 290 970 640 740 900 50 770 740 600 270 580 650 1040 720 740 800 550 630 640 790 930 870 830 810 380 700 570 630 540 470 580 690 30 800 140 1050 500 180 570 450 810 430 570 860 450 970 380 550 640 330 390 600 750 1000 200 780 200 490 560 500 530 370 690 760 1010 340
580 890 750 590 520 290 350 900 760 550 670 460 0 660 980 340 90 970 150 260 590 600 1100 640 400 870 390 880 400 890 1020 790 650 810 910 200 820 960 840 770 410 600 320 860 190 430 210 1000 430 480 960 150 580 960 920 770 740 500 950 360 690 270 870 200 30 200 1030 430 740 600 1020 510 470 900 150 410 80 180 600 380 940 480 520 760 140 70 500 850 970 270 1070 660 600 330 830 800 260 260 970 1010 740
730 520 160 500 470 550 300 330 270 170 90 480 660 0 350 740 650 340 620 710 290 60 470 540 560 250 630 520 810 240 390 130 60 160 250 620 610 340 270 540 480 480 750 210 500 390 740 580 580 570 320 620 290 350 310 590 510 690 330 290 290 530 210 560 630 610 410 470 410 530 600 210 660 310 530 770 580 630 630 320 510 180 250 150 520 590 320 270 550 550 420 490 90 470 260 170 390 740 310 540 330
1070 430 230 620 810 810 630 430 280 430 390 820 980 350 0 980 960 320 920 980 450 390 400 640 780 340 990 440 1040 130 350 250 340 200 230 970 600 350 170 550 830 600 1010 260 850 630 1030 420 790 750 30 920 460 360 70 610 540 870 40 620 370 800 220 850 960 900 390 810 420 850 430 480 1010 390 840 1000 910 920 770 610 370 520 490 220 870 930 530 160 400 900 300 790 390 730 420 320 720 1020 100 350 580
910 740 760 410 810 190 470 1050 710 580 790 750 340 740 980 0 250 1080 210 80 530 670 1210 440 210 990 720 730 70 930 1130 870 700 860 990 530 610 1080 810 590 700 430 30 950 480 360 150 860 210 260 960 210 520 1090 910 560 570 200 940 470 620 210 940 210 320 170 1150 720 620 890 870 530 800 1040 300 60 330 180 330 420 810 580 500 780 430 390 450 820 830 590 1160 930 650 260 980 910 400 90 1000 880 940
670 830 730 520 590 210 350 920 720 520 680 530 90 650 960 250 0 990 50 160 550 600 1110 560 310 880 480 820 310 880 1030 790 640 800 910 290 750 970 800 700 480 530 230 860 250 370 120 940 350 390 930 50 540 980 890 690 670 410 930 350 650 190 870 130 70 110 1040 500 680 680 960 480 560 920 120 310 90 80 510 350 890 470 480 740 200 150 460 820 910 350 1070 720 580 260 850 810 260 170 950 950 780
870 730 370 810 630 890 630 130 500 510 300 670 970 340 320 1080 990 0 960 1050 600 410 120 850 900 100 850 730 1160 230 50 220 380 250 120 890 870 30 420 800 690 800 1100 130 790 740 1080 730 930 900 320 960 610 40 360 860 780 1030 340 630 560 870 150 900 960 950 70 670 660 630 740 560 850 100 860 1110 900 970 960 660 680 510 590 350 830 900 660 410 710 810 110 560 440 820 170 170 720 1090 220 670 340
700 770 690 460 600 150 320 910 670 490 660 550 150 620 920 210 50 960 0 130 500 560 1090 500 260 860 510 760 280 850 1010 760 600 770 880 320 690 950 760 640 490 470 200 840 270 320 120 890 290 330 890 0 490 960 850 630 610 350 890 330 600 140 840 80 110 50 1020 520 630 690 900 440 590 900 100 270 120 30 450 310 830 450 430 700 220 180 410 770 860 380 1050 730 550 210 840 780 240 140 920 900 770
830 770 750 440 730 160 420 1010 710 550 750 680 260 710 980 80 160 1050 130 0 530 640 1180 470 230 950 640 760 150 910 1100 840 680 840 960 450 650 1040 800 620 620 460 70 920 400 350 80 890 240 290 950 130 520 1050 900 600 600 270 940 420 630 180 920 150 230 100 1110 650 640 820 900 500 720 1000 230 140 250 100 390 390 840 540 490 760 350 310 440 820 860 510 1130 860 620 240 940 870 340 40 980 910 890
890 320 240 210 660 370 290 620 170 140 380 640 590 290 450 530 550 600 500 530 0 240 730 250 320 530 740 310 590 410 650 380 230 360 490 640 340 610 270 270 610 190 550 460 510 180 590 420 340 310 420 500 10 620 370 310 230 430 410 280 100 360 450 420 560 460 670 610 170 730 430 130 790 590 440 540 510 490 350 220 350 260 90 260 510 560 90 290 380 610 650 720 200 290 560 450 350 570 480 410 610
730 500 170 440 470 480 250 390 250 100 140 470 600 60 390 670 600 410 560 640 240 0 530 490 490 310 610 490 750 280 460 190 50 200 310 580 570 400 270 500 460 430 690 270 460 330 680 570 520 500 360 560 240 410 330 540 460 630 360 240 260 460 270 490 580 550 470 450 370 530 580 150 650 370 470 700 530 570 570 250 500 130 190 170 480 540 260 280 530 520 480 500 40 410 320 230 340 680 360 530 370
960 820 490 930 720 1020 760 210 610 630 430 760 1100 470 400 1210 1110 120 1090 1180 730 530 0 970 1030 230 950 820 1280 330 70 350 510 370 230 1000 970 130 520 910 790 920 1230 260 910 860 1210 820 1050 1030 400 1090 730 130 450 970 890 1150 430 760 680 1000 270 1020 1080 1080 70 770 770 720 830 680 940 190 990 1240 1030 1100 1080 790 770 640 720 470 950 1020 780 510 800 920 100 640 560 940 270 300 850 1210 300 750 430
1070 300 470 50 860 350 460 870 360 390 630 830 640 540 640 440 560 850 500 470 250 490 970 0 250 780 900 290 470 640 900 630 480 600 730 760 180 860 470 150 800 60 470 710 640 250 550 420 230 180 620 500 250 860 560 130 130 250 600 450 280 370 690 430 610 450 920 800 220 950 430 360 960 840 500 420 580 480 130 380 380 480 310 490 620 640 240 480 390 760 890 940 450 320 810 700 480 510 690 450 860
890 540 560 210 730 110 340 880 500 390 620 680 400 560 780 210 310 900 260 230 320 490 1030 250 0 810 710 530 260 730 950 680 510 670 790 540 430 900 600 390 640 230 230 760 440 160 300 660 40 70 750 260 310 910 700 380 370 150 730 330 410 130 750 190 360 200 970 650 410 820 670 340 780 870 280 220 340 230 190 260 610 420 310 580 410 410 240 610 630 560 960 840 460 120 810 730 310 270 800 680 810
780 690 320 740 530 790 530 100 450 420 200 570 870 250 340 990 880 100 860 950 530 310 230 780 810 0 750 690 1060 210 150 150 290 200 110 780 820 90 380 750 590 720 1000 80 690 640 980 710 840 820 320 860 530 90 350 800 720 940 340 530 500 770 120 800 850 850 160 570 610 550 730 460 750 70 760 1020 800 870 880 560 650 410 500 300 720 800 570 370 690 700 210 480 340 720 80 80 620 990 240 650 260
190 1060 780 840 230 600 450 730 850 620 590 180 390 630 990 720 480 850 510 640 740 610 950 900 710 750 0 1050 790 860 880 740 660 790 830 190 1060 820 890 990 160 840 710 780 260 650 600 1160 750 780 960 510 730 820 940 1010 960 840 970 460 820 570 800 530 410 560 870 180 910 270 1170 610 80 750 430 780 390 540 900 530 1090 500 650 790 300 330 680 900 1120 140 960 350 630 590 680 710 410 650 930 1140 520
1200 10 380 320 960 610 600 790 250 430 610 940 880 520 440 730 820 730 760 760 310 490 820 290 530 690 1050 0 760 500 770 540 460 490 610 950 170 750 310 150 920 300 760 610 830 450 830 130 520 470 430 760 320 760 370 200 160 550 400 590 240 620 580 680 850 720 800 920 140 1030 140 440 1110 760 730 710 800 750 420 530 90 560 400 390 820 860 380 320 100 930 730 1000 460 550 750 620 660 800 520 160 850
980 770 830 450 880 260 550 1130 760 650 870 820 400 810 1040 70 310 1160 280 150 590 750 1280 470 260 1060 790 760 0 1000 1210 940 770 930 1060 600 640 1150 870 620 770 470 80 1020 550 420 200 890 260 300 1020 280 580 1160 970 590 600 220 1000 540 680 290 1010 290 380 240 1220 790 670 970 900 600 870 1110 370 50 400 250 360 500 850 660 570 850 500 460 510 880 870 660 1230 1000 720 340 1060 980 480 140 1070 920 1020
940 500 170 610 670 750 530 310 280 360 260 690 890 240 130 930 880 230 850 910 410 280 330 640 730 210 860 500 1000 0 270 120 240 80 110 860 640 250 190 580 700 590 950 130 740 570 960 500 750 720 110 850 420 260 130 640 560 840 130 530 350 730 90 770 870 830 300 690 440 710 520 410 880 270 760 950 820 850 760 530 450 410 430 150 760 830 480 180 480 790 240 650 300 670 290 180 630 950 70 440 450
900 770 420 860 660 940 680 150 540 560 350 700 1020 390 350 1130 1030 50 1010 1100 650 460 70 900 950 150 880 770 1210 270 0 270 430 300 160 930 910 60 460 850 720 850 1150 180 840 790 1130 770 980 950 350 1010 660 60 400 900 820 1080 380 680 610 920 200 950 1000 1000 30 700 710 660 780 610 880 130 910 1160 950 1020 1010 710 720 560 640 400 880 950 710 450 750 850 90 580 490 870 200 220 770 1140 250 700 370
810 540 170 590 550 680 430 250 300 290 140 570 790 130 250 870 790 220 760 840 380 190 350 630 680 150 740 540 940 120 270 0 160 60 120 740 670 220 240 600 580 570 880 80 620 510 870 580 700 680 230 760 380 230 240 650 570 800 250 430 350 660 80 690 770 740 290 560 460 590 590 330 750 220 660 890 710 760 730 450 510 310 370 150 650 720 430 240 550 670 290 530 210 600 200 80 530 880 190 520 340
770 460 120 440 510 520 290 380 210 120 150 520 650 60 340 700 640 380 600 680 230 50 510 480 510 290 660 460 770 240 430 160 0 160 280 630 550 380 220 480 510 430 720 240 510 350 720 530 540 520 310 600 230 390 280 530 450 640 310 280 230 500 240 530 630 590 450 500 340 580 540 170 700 360 510 730 570 610 580 290 460 180 200 120 530 590 270 230 500 570 450 540 50 440 320 210 390 720 310 490 390
870 490 120 560 600 680 450 300 250 280 190 620 810 160 200 860 800 250 770 840 360 200 370 600 670 200 790 490 930 80 300 60 160 0 130 780 620 260 180 550 630 550 880 120 660 500 880 520 690 660 170 770 360 270 170 610 530 790 180 450 310 660 90 700 790 750 320 610 410 650 530 330 810 270 680 890 740 770 710 460 450 330 360 100 680 750 420 180 490 710 290 590 220 600 260 140 550 880 150 460 400
880 610 260 700 620 800 550 200 380 410 240 650 910 250 230 990 910 120 880 960 490 310 230 730 790 110 830 610 1060 110 160 120 280 130 0 850 750 140 300 680 670 680 1000 50 740 630 990 620 820 800 210 880 490 150 250 740 660 920 240 550 440 780 40 810 890 870 190 650 540 650 630 460 840 170 780 1010 830 890 840 570 560 430 480 230 770 840 550 290 590 770 170 580 340 720 190 120 650 1000 120 550 370
380 960 740 700 350 430 360 800 780 560 600 290 200 620 970 530 290 890 320 450 640 580 1000 760 540 780 190 950 600 860 930 740 630 780 850 0 930 870 840 870 240 710 520 800 130 510 410 1070 580 620 940 320 630 870 910 880 840 670 940 370 730 410 810 350 220 370 930 260 810 420 1080 530 270 800 260 600 210 360 740 420 1000 450 550 750 140 140 570 850 1030 90 990 490 580 440 730 730 290 460 930 1060 610
1220 180 500 230 1000 540 610 920 370 490 700 970 820 610 600 610 750 870 690 650 340 570 970 180 430 820 1060 170 640 640 910 670 550 620 750 930 0 880 450 70 940 220 640 740 810 410 730 280 410 360 590 690 340 890 530 50 100 420 560 600 320 550 710 620 790 640 940 950 210 1080 280 470 1120 890 680 590 760 670 280 530 260 600 420 520 790 810 380 460 260 920 880 1060 530 490 870 750 650 690 680 330 940
840 750 390 820 600 890 620 90 510 510 290 640 960 340 350 1080 970 30 950 1040 610 400 130 860 900 90 820 750 1150 250 60 220 380 260 140 870 880 0 440 820 660 800 1090 140 770 730 1070 760 920 910 340 950 610 10 380 870 790 1030 370 620 570 860 170 890 940 940 70 640 680 600 770 550 820 70 850 1110 890 960 960 650 700 500 590 360 810 890 660 430 730 780 140 530 430 810 140 170 710 1080 250 690 310
1000 310 100 450 740 640 490 480 100 290 340 740 840 270 170 810 800 420 760 800 270 270 520 470 600 380 890 310 870 190 460 240 220 180 300 840 450 440 0 390 740 430 830 300 720 450 860 330 610 580 150 760 280 450 100 450 370 690 130 480 190 630 270 680 810 730 490 730 250 800 340 330 930 450 690 820 760 760 590 460 270 390 320 110 730 790 360 10 300 790 430 750 260 560 450 320 580 850 230 280 570
1150 160 430 180 930 490 540 850 300 410 630 900 770 540 550 590 700 800 640 620 270 500 910 150 390 750 990 150 620 580 850 600 480 550 680 870 70 820 390 0 880 170 620 670 750 350 700 270 380 330 540 640 270 830 480 50 30 400 510 530 250 500 650 570 740 590 880 880 140 1010 280 400 1050 820 630 570 700 620 260 460 240 530 350 450 730 760 310 400 250 860 820 990 460 440 800 680 580 660 620 310 870
270 930 630 740 110 550 330 580 710 480 430 50 410 480 830 700 480 690 490 620 610 460 790 800 640 590 160 920 770 700 720 580 510 630 670 240 940 660 740 880 0 740 690 620 220 550 600 1020 680 700 800 490 600 660 790 900 840 780 810 340 680 520 640 490 410 530 720 20 780 190 1030 480 180 600 400 760 380 520 820 420 950 360 520 630 270 330 560 740 980 140 800 250 480 520 520 550 320 640 770 990 380
1010 310 420 20 800 320 400 810 320 330 570 770 600 480 600 430 530 800 470 460 190 430 920 60 230 720 840 300 470 590 850 570 430 550 680 710 220 800 430 170 740 0 460 660 590 190 530 430 220 170 580 470 190 810 530 170 140 270 560 390 240 330 640 400 570 420 870 750 190 890 440 300 910 790 460 420 530 450 160 320 380 420 250 440 570 590 180 440 400 700 840 880 390 270 750 640 430 500 650 450 800
900 770 780 440 800 200 480 1060 730 590 800 740 320 750 1010 30 230 1100 200 70 550 690 1230 470 230 1000 710 760 80 950 1150 880 720 880 1000 520 640 1090 830 620 690 460 0 970 470 380 130 890 240 290 980 200 550 1100 930 590 600 230 970 480 650 220 960 210 300 160 1160 720 650 890 900 540 790 1050 290 80 320 170 370 430 840 590 520 800 420 380 470 850 860 580 1170 930 660 280 990 920 410 70 1020 910 950
830 610 240 680 570 760 510 180 370 370 190 600 860 210 260 950 860 130 840 920 460 270 260 710 760 80 780 610 1020 130 180 80 240 120 50 800 740 140 300 670 620 660 970 0 690 600 950 630 790 770 240 840 470 150 260 730 650 890 260 510 430 740 30 770 840 830 210 600 530 600 640 420 790 150 740 980 790 840 820 530 570 380 450 220 720 790 520 290 600 720 210 540 300 680 160 70 600 960 160 570 330
440 830 620 580 330 340 230 710 650 430 500 270 190 500 850 480 250 790 270 400 510 460 910 640 440 690 260 830 550 740 840 620 510 660 740 130 810 770 720 750 220 590 470 690 0 390 370 940 480 510 820 270 510 780 790 760 710 580 820 240 600 310 700 270 190 310 840 250 680 420 950 400 330 720 180 540 150 300 640 290 870 330 420 630 50 120 440 720 900 120 890 470 460 330 640 620 160 410 810 930 540
810 460 400 190 620 180 210 720 360 220 460 580 430 390 630 360 370 740 320 350 180 330 860 250 160 640 650 450 420 570 790 510 350 500 630 510 410 730 450 350 550 190 380 600 390 0 400 570 190 180 600 320 170 740 550 360 320 300 590 200 280 180 590 240 390 280 800 560 310 710 590 180 710 700 270 380 350 310 280 130 510 270 140 420 370 400 90 470 540 510 800 710 300 110 650 560 230 390 640 580 660
790 840 790 510 710 220 440 1030 760 590 780 650 210 740 1030 150 120 1080 120 80 590 680 1210 550 300 980 600 830 200 960 1130 870 720 880 990 410 730 1070 860 700 600 530 130 950 370 400 0 960 320 370 1000 120 580 1070 950 680 670 350 990 440 690 220 950 180 190 130 1140 620 710 800 970 550 680 1020 220 210 220 100 470 420 910 570 540 810 320 270 500 870 930 470 1160 840 660 290 960 900 360 50 1030 980 890
1290 120 430 450 1040 740 710 820 310 530 670 1040 1000 580 420 860 940 730 890 890 420 570 820 420 660 710 1160 130 890 500 770 580 530 520 620 1070 280 760 330 270 1020 430 890 630 940 570 960 0 650 600 420 890 430 770 370 310 290 680 390 700 330 750 590 810 970 840 800 1020 260 1110 10 540 1210 780 850 840 930 870 540 650 70 660 510 440 940 980 500 340 30 1040 720 1070 540 680 780 660 780 930 520 70 910
930 530 580 200 770 150 380 910 510 410 650 720 430 580 790 210 350 930 290 240 340 520 1050 230 40 840 750 520 260 750 980 700 540 690 820 580 410 920 610 380 680 220 240 790 480 190 320 650 0 50 760 290 330 930 710 360 360 110 750 370 420 170 780 230 400 230 990 700 410 860 660 370 820 900 310 210 380 260 160 300 600 460 330 600 450 450 260 620 620 600 990 880 490 160 840 760 350 280 820 670 840
960 480 550 150 790 190 390 900 470 400 640 740 480 570 750 260 390 900 330 290 310 500 1030 180 70 820 780 470 300 720 950 680 520 660 800 620 360 910 580 330 700 170 290 770 510 180 370 600 50 0 730 330 300 910 680 310 310 120 710 380 380 210 750 270 440 280 970 720 360 870 610 350 850 880 350 250 420 310 120 310 550 450 310 570 480 480 240 590 570 630 960 890 470 180 830 740 370 330 790 620 840
1040 430 200 600 780 780 600 420 260 410 370 800 960 320 30 960 930 320 890 950 420 360 400 620 750 320 960 430 1020 110 350 230 310 170 210 940 590 340 150 540 800 580 980 240 820 600 1000 420 760 730 0 890 430 350 50 590 520 850 30 590 340 770 200 820 930 870 380 790 410 820 430 450 980 380 810 970 880 890 750 580 370 490 460 190 840 900 510 140 400 870 300 760 360 700 400 290 690 990 100 350 560
700 770 690 460 600 150 320 910 670 490 660 550 150 620 920 210 50 960 0 130 500 560 1090 500 260 860 510 760 280 850 1010 760 600 770 880 320 690 950 760 640 490 470 200 840 270 320 120 890 290 330 890 0 490 960 850 630 610 350 890 330 600 140 840 80 110 50 1020 520 630 690 900 440 590 900 100 270 120 30 450 310 830 450 430 700 220 180 410 770 860 380 1050 730 550 210 840 780 240 140 920 900 770
880 330 240 200 650 360 280 620 180 140 380 630 580 290 460 520 540 610 490 520 10 240 730 250 310 530 730 320 580 420 660 380 230 360 490 630 340 610 280 270 600 190 550 470 510 170 580 430 330 300 430 490 0 620 380 310 240 420 420 270 110 350 450 410 550 450 680 610 170 730 440 130 790 600 430 540 500 480 340 210 360 250 80 260 500 550 80 290 390 610 660 710 200 280 560 450 340 560 480 420 610
840 760 400 830 600 890 630 90 520 510 290 640 960 350 360 1090 980 40 960 1050 620 410 130 860 910 90 820 760 1160 260 60 230 390 270 150 870 890 10 450 830 660 810 1100 150 780 740 1070 770 930 910 350 960 620 0 390 880 800 1040 380 630 580 870 180 890 950 950 60 640 690 600 780 560 820 70 850 1120 890 970 970 660 710 500 600 370 820 890 670 440 740 790 140 520 440 820 140 170 720 1080 260 700 310
1040 370 170 550 770 740 570 450 200 370 360 790 920 310 70 910 890 360 850 900 370 330 450 560 700 350 940 370 970 130 400 240 280 170 250 910 530 380 100 480 790 530 930 260 790 550 950 370 710 680 50 850 380 390 0 540 460 790 30 560 290 730 230 770 890 820 430 780 350 820 380 410 970 410 770 920 840 850 690 540 320 460 410 160 810 870 460 80 350 850 350 770 330 660 430 310 660 940 150 300 580
1170 210 480 180 960 480 560 900 360 450 680 930 770 590 610 560 690 860 630 600 310 540 970 130 380 800 1010 200 590 640 900 650 530 610 740 880 50 870 450 50 900 170 590 730 760 360 680 310 360 310 590 630 310 880 540 0 80 370 570 550 300 500 700 560 730 580 930 910 190 1040 320 440 1070 870 630 540 700 610 230 480 290 570 390 500 740 760 330 460 290 870 880 1030 500 440 850 730 600 640 680 360 920
1120 170 400 160 890 460 510 820 280 380 600 870 740 510 540 570 670 780 610 600 230 460 890 130 370 720 960 160 600 560 820 570 450 530 660 840 100 790 370 30 840 140 600 650 710 320 670 290 360 310 520 610 240 800 460 80 0 390 490 490 220 470 620 540 710 570 850 840 110 970 300 370 1020 790 590 550 670 600 260 430 250 500 320 420 700 730 270 380 260 820 800 960 420 410 770 650 550 640 600 320 840
1030 560 670 250 880 240 490 1020 590 520 760 830 500 690 870 200 410 1030 350 270 430 630 1150 250 150 940 840 550 220 840 1080 800 640 790 920 670 420 1030 690 400 780 270 230 890 580 300 350 680 110 120 850 350 420 1040 790 370 390 0 830 480 500 260 880 310 470 300 1100 800 460 970 690 470 920 1000 400 170 460 320 140 410 640 570 430 690 540 530 360 710 650 700 1080 990 590 270 950 860 460 300 910 710 950
1050 400 200 580 790 770 600 440 240 400 380 810 950 330 40 940 930 340 890 940 410 360 430 600 730 340 970 400 1000 130 380 250 310 180 240 940 560 370 130 510 810 560 970 260 820 590 990 390 750 710 30 890 420 380 30 570 490 830 0 590 320 760 230 810 920 860 410 800 380 840 400 440 990 410 810 960 870 880 720 580 340 490 450 190 840 900 490 120 370 880 330 780 360 690 430 310 690 980 130 320 580
620 600 390 390 410 280 10 580 410 190 330 380 360 290 620 470 350 630 330 420 280 240 760 450 330 530 460 590 540 530 680 430 280 450 550 370 600 620 480 530 340 390 480 510 240 200 440 700 370 380 590 330 270 630 560 550 490 480 590 0 360 250 510 260 340 320 690 350 450 500 710 150 520 570 230 510 280 340 480 70 630 120 180 400 250 310 220 490 660 330 720 510 230 210 510 450 100 450 600 680 480
960 240 180 260 710 460 380 600 80 190 380 700 690 290 370 620 650 560 600 630 100 260 680 280 410 500 820 240 680 350 610 350 230 310 440 730 320 570 190 250 680 240 650 430 600 280 690 330 420 380 340 600 110 580 290 300 220 500 320 360 0 460 410 520 660 560 640 680 110 790 350 210 870 570 540 630 610 590 400 320 260 320 180 210 610 650 190 200 300 700 600 760 220 390 550 430 450 670 410 320 630
760 630 570 320 620 30 250 840 540 370 580 570 270 530 800 210 190 870 140 180 360 460 1000 370 130 770 570 620 290 730 920 660 500 660 780 410 550 860 630 500 520 330 220 740 310 180 220 750 170 210 770 140 350 870 730 500 470 260 760 250 460 0 740 60 230 100 940 540 490 710 760 320 650 820 140 260 210 130 330 210 690 370 310 590 270 270 270 640 710 430 950 730 440 70 770 700 200 210 810 760 730
860 580 220 660 600 760 510 220 340 360 210 630 870 210 220 940 870 150 840 920 450 270 270 690 750 120 800 580 1010 90 200 80 240 90 40 810 710 170 270 650 640 640 960 30 700 590 950 590 780 750 200 840 450 180 230 700 620 880 230 510 410 740 0 770 850 820 230 620 500 630 610 410 810 180 740 970 790 840 800 530 530 390 440 190 730 800 510 260 570 740 210 570 290 680 200 90 610 960 130 530 360
720 690 610 380 590 80 260 850 590 410 600 540 200 560 850 210 130 900 80 150 420 490 1020 430 190 800 530 680 290 770 950 690 530 700 810 350 620 890 680 570 490 400 210 770 270 240 180 810 230 270 820 80 410 890 770 560 540 310 810 260 520 60 770 0 170 50 960 510 550 680 820 360 600 840 90 270 150 70 390 240 750 380 360 630 220 210 330 690 780 390 980 710 470 130 780 720 190 190 850 820 730
600 860 720 550 530 250 330 890 730 520 650 470 30 630 960 320 70 960 110 230 560 580 1080 610 360 850 410 850 380 870 1000 770 630 790 890 220 790 940 810 740 410 570 300 840 190 390 190 970 400 440 930 110 550 950 890 730 710 470 920 340 660 230 850 170 0 170 1010 440 710 610 980 480 490 890 120 380 50 140 560 350 910 450 490 740 140 80 470 820 940 280 1050 660 570 290 820 780 240 240 940 970 730
750 720 660 410 630 100 320 910 640 460 650 580 200 610 900 170 110 950 50 100 460 550 1080 450 200 850 560 720 240 830 1000 740 590 750 870 370 640 940 730 590 530 420 160 830 310 280 130 840 230 280 870 50 450 950 820 580 570 300 860 320 560 100 820 50 170 0 1010 550 590 720 850 420 630 900 130 230 160 30 390 290 790 440 410 680 260 230 370 740 810 420 1040 760 530 170 840 780 240 130 900 860 780
890 800 450 890 650 960 690 140 570 580 360 690 1030 410 390 1150 1040 70 1020 1110 670 470 70 920 970 160 870 800 1220 300 30 290 450 320 190 930 940 70 490 880 720 870 1160 210 840 800 1140 800 990 970 380 1020 680 60 430 930 850 1100 410 690 640 940 230 960 1010 1010 0 700 730 650 810 620 870 120 920 1180 960 1030 1030 720 750 570 660 430 880 950 730 480 780 850 120 570 500 880 190 240 780 1150 280 730 360
270 930 620 750 80 570 340 560 700 480 420 30 430 470 810 720 500 670 520 650 610 450 770 800 650 570 180 920 790 690 700 560 500 610 650 260 950 640 730 880 20 750 720 600 250 560 620 1020 700 720 790 520 610 640 780 910 840 800 800 350 680 540 620 510 440 550 700 0 780 170 1030 480 190 570 420 780 400 540 830 420 950 360 520 620 300 360 570 730 980 170 780 220 480 530 500 530 340 660 750 990 350
1060 150 290 210 820 490 460 710 160 300 500 800 740 410 420 620 680 660 630 640 170 370 770 220 410 610 910 140 670 440 710 460 340 410 540 810 210 680 250 140 780 190 650 530 680 310 710 260 410 360 410 630 170 690 350 190 110 460 380 450 110 490 500 550 710 590 730 780 0 890 270 300 960 680 590 610 670 620 350 390 200 420 260 310 670 710 240 270 220 780 690 870 330 420 660 540 520 680 490 270 740
240 1030 690 890 90 740 490 510 790 590 450 140 600 530 850 890 680 630 690 820 730 530 720 950 820 550 270 1030 970 710 660 590 580 650 650 420 1080 600 800 1010 190 890 890 600 420 710 800 1110 860 870 820 690 730 600 820 1040 970 970 840 500 790 710 630 680 610 720 650 170 890 0 1120 600 230 530 590 950 580 720 990 570 1040 470 650 680 470 530 700 800 1070 340 740 80 570 700 470 530 510 840 760 1070 290
1310 130 440 460 1060 750 730 830 330 540 680 1050 1020 600 430 870 960 740 900 900 430 580 830 430 670 730 1170 140 900 520 780 590 540 530 630 1080 280 770 340 280 1030 440 900 640 950 590 970 10 660 610 430 900 440 780 380 320 300 690 400 710 350 760 610 820 980 850 810 1030 270 1120 0 560 1220 790 860 850 940 890 550 660 80 670 520 450 950 990 510 350 50 1050 730 1090 550 690 800 670 790 940 530 80 920
750 450 250 310 520 340 170 540 250 50 280 500 510 210 480 530 480 560 440 500 130 150 680 360 340 460 610 440 600 410 610 330 170 330 460 530 470 550 330 400 480 300 540 420 400 180 550 540 370 350 450 440 130 560 410 440 370 470 440 150 210 320 410 360 480 420 620 480 300 600 560 0 660 520 360 550 430 440 430 130 480 130 50 260 400 460 120 340 510 490 630 590 120 260 470 380 250 540 480 530 500
110 1110 820 900 220 680 510 730 890 670 610 180 470 660 1010 800 560 850 590 720 790 650 940 960 780 750 80 1110 870 880 880 750 700 810 840 270 1120 820 930 1050 180 910 790 790 330 710 680 1210 820 850 980 590 790 820 970 1070 1020 920 990 520 870 650 810 600 490 630 870 190 960 230 1220 660 0 750 510 860 470 620 970 590 1140 550 700 820 380 410 740 930 1170 210 960 310 670 670 680 720 480 730 940 1180 510
770 760 390 800 530 850 580 30 520 480 240 570 900 310 390 1040 920 100 900 1000 590 370 190 840 870 70 750 760 1110 270 130 220 360 270 170 800 890 70 450 820 600 790 1050 150 720 700 1020 780 900 880 380 900 600 70 410 870 790 1000 410 570 570 820 180 840 890 900 120 570 680 530 790 520 750 0 800 1080 840 910 940 610 720 460 560 370 760 830 630 440 750 720 210 460 410 770 70 140 660 1030 290 720 240
620 740 610 450 500 170 220 800 610 400 560 450 150 530 840 300 120 860 100 230 440 470 990 500 280 760 430 730 370 760 910 660 510 680 780 260 680 850 690 630 400 460 290 740 180 270 220 850 310 350 810 100 430 850 770 630 590 400 810 230 540 140 740 90 120 130 920 420 590 590 860 360 510 800 0 360 70 130 470 230 790 350 370 620 130 130 350 700 820 290 950 630 460 180 730 680 130 250 830 850 660
970 720 780 400 860 230 510 1090 720 600 830 810 410 770 1000 60 310 1110 270 140 540 700 1240 420 220 1020 780 710 50 950 1160 890 730 890 1010 600 590 1110 820 570 760 420 80 980 540 380 210 840 210 250 970 270 540 1120 920 540 550 170 960 510 630 260 970 270 380 230 1180 780 610 950 850 550 860 1080 360 0 390 240 310 460 800 620 530 800 490 450 470 830 820 650 1180 980 670 300 1020 940 450 150 1020 870 990
580 810 670 520 490 230 280 840 680 470 600 430 80 580 910 330 90 900 120 250 510 530 1030 580 340 800 390 800 400 820 950 710 570 740 830 210 760 890 760 700 380 530 320 790 150 350 220 930 380 420 880 120 500 890 840 700 670 460 870 280 610 210 790 150 50 160 960 400 670 580 940 430 470 840 70 390 0 150 540 300 870 400 440 680 100 60 430 770 890 260 1000 620 520 260 770 730 180 260 890 930 680
730 760 690 440 630 130 330 920 660 490 670 570 180 630 920 180 80 970 30 100 490 570 1100 480 230 870 540 750 250 850 1020 760 610 770 890 360 670 960 760 620 520 450 170 840 300 310 100 870 260 310 890 30 480 970 850 610 600 320 880 340 590 130 840 70 140 30 1030 540 620 720 890 440 620 910 130 240 150 0 420 310 820 460 430 700 250 210 400 770 840 410 1050 760 550 200 850 790 250 120 920 890 790
1080 430 580 140 900 310 490 970 480 470 720 860 600 630 770 330 510 960 450 390 350 570 1080 130 190 880 900 420 360 760 1010 730 580 710 840 740 280 960 590 260 820 160 370 820 640 280 470 540 160 120 750 450 340 970 690 230 260 140 720 480 400 330 800 390 560 390 1030 830 350 990 550 430 970 940 470 310 540 420 0 410 510 550 380 610 600 610 310 600 520 760 1000 990 540 300 900 800 490 420 820 580 930
690 540 380 320 490 230 80 630 380 170 370 450 380 320 610 420 350 660 310 390 220 250 790 380 260 560 530 530 500 530 710 450 290 460 570 420 530 650 460 460 420 320 430 530 290 130 420 650 300 310 580 310 210 660 540 480 430 410 580 70 320 210 530 240 350 290 720 420 390 570 660 130 590 610 230 460 300 310 410 0 580 160 140 390 280 330 150 470 610 390 740 580 230 160 560 480 130 420 600 640 540
1220 80 360 400 970 690 640 750 240 460 600 970 940 510 370 810 890 680 830 840 350 500 770 380 610 650 1090 90 850 450 720 510 460 450 560 1000 260 700 270 240 950 380 840 570 870 510 910 70 600 550 370 830 360 710 320 290 250 640 340 630 260 690 530 750 910 790 750 950 200 1040 80 480 1140 720 790 800 870 820 510 580 0 590 440 370 870 910 430 270 30 970 670 1000 470 620 720 600 710 880 470 70 840
630 570 290 430 390 390 120 470 340 120 210 380 480 180 520 580 470 510 450 540 260 130 640 480 420 410 500 560 660 410 560 310 180 330 430 450 600 500 390 530 360 420 590 380 330 270 570 660 460 450 490 450 250 500 460 570 500 570 490 120 320 370 390 380 450 440 570 360 420 470 670 130 550 460 350 620 400 460 550 160 590 0 180 300 350 410 240 400 620 390 600 460 130 320 400 330 210 580 490 630 380
800 410 250 260 570 320 200 580 240 80 330 550 520 250 490 500 480 590 430 490 90 190 720 310 310 500 650 400 570 430 640 370 200 360 480 550 420 590 320 350 520 250 520 450 420 140 540 510 330 310 460 430 80 600 410 390 320 430 450 180 180 310 440 360 490 410 660 520 260 650 520 50 700 560 370 530 440 430 380 140 440 180 0 270 430 470 70 330 470 520 650 640 150 240 520 420 270 530 490 500 550
890 400 20 460 630 600 410 400 150 210 230 640 760 150 220 780 740 350 700 760 260 170 470 490 580 300 790 390 850 150 400 150 120 100 230 750 520 360 110 450 630 440 800 220 630 420 810 440 600 570 190 700 260 370 160 500 420 690 190 400 210 590 190 630 740 680 430 620 310 680 450 260 820 370 620 800 680 700 610 390 370 300 270 0 650 710 330 110 410 690 390 640 170 520 350 230 500 800 220 390 470
490 830 640 560 390 300 240 760 660 440 530 330 140 520 870 430 200 830 220 350 510 480 950 620 410 720 300 820 500 760 880 650 530 680 770 140 790 810 730 730 270 570 420 720 50 370 320 940 450 480 840 220 500 820 810 740 700 540 840 250 610 270 730 220 140 260 880 300 670 470 950 400 380 760 130 490 100 250 600 280 870 350 430 650 0 70 430 740 900 160 930 520 480 300 690 660 150 360 840 930 590
520 860 700 580 450 300 300 830 710 500 600 390 70 590 930 390 150 900 180 310 560 540 1020 640 410 800 330 860 460 830 950 720 590 750 840 140 810 890 790 760 330 590 380 790 120 400 270 980 450 480 900 180 550 890 870 760 730 530 900 310 650 270 800 210 80 230 950 360 710 530 990 460 410 830 130 450 60 210 610 330 910 410 470 710 70 0 470 800 940 200 1000 580 540 320 760 730 210 320 900 970 660
840 390 310 190 620 280 230 650 260 150 400 600 500 320 530 450 460 660 410 440 90 260 780 240 240 570 680 380 510 480 710 430 270 420 550 570 380 660 360 310 560 180 470 520 440 90 500 500 260 240 510 410 80 670 460 330 270 360 490 220 190 270 510 330 470 370 730 570 240 700 510 120 740 630 350 470 430 400 310 150 430 240 70 330 430 470 0 370 460 550 720 700 220 200 590 490 280 480 550 500 620
1000 320 110 460 740 650 500 480 120 300 340 750 850 270 160 820 820 410 770 820 290 280 510 480 610 370 900 320 880 180 450 240 230 180 290 850 460 430 10 400 740 440 850 290 720 470 870 340 620 590 140 770 290 440 80 460 380 710 120 490 200 640 260 690 820 740 480 730 270 800 350 340 930 440 700 830 770 770 600 470 270 400 330 110 740 800 370 0 310 800 420 750 260 570 440 320 590 860 210 280 570
1260 90 390 420 1010 710 680 790 280 490 640 1000 970 550 400 830 910 710 860 860 380 530 800 390 630 690 1120 100 870 480 750 550 500 490 590 1030 260 730 300 250 980 400 860 600 900 540 930 30 620 570 400 860 390 740 350 290 260 650 370 660 300 710 570 780 940 810 780 980 220 1070 50 510 1170 750 820 820 890 840 520 610 30 620 470 410 900 940 460 310 0 1000 700 1040 500 650 750 630 740 900 500 70 880
320 940 690 700 260 460 320 710 740 510 530 200 270 550 900 590 350 810 380 510 610 520 920 760 560 700 140 930 660 790 850 670 570 710 770 90 920 780 790 860 140 700 580 720 120 510 470 1040 600 630 870 380 610 790 850 870 820 700 880 330 700 430 740 390 280 420 850 170 780 340 1050 490 210 720 290 650 260 410 760 390 970 390 520 690 160 200 550 800 1000 0 910 400 530 450 650 650 270 520 860 1020 510
980 730 410 860 740 970 720 240 520 580 390 780 1070 420 300 1160 1070 110 1050 1130 650 480 100 890 960 210 960 730 1230 240 90 290 450 290 170 990 880 140 430 820 800 840 1170 210 890 800 1160 720 990 960 300 1050 660 140 350 880 800 1080 330 720 600 950 210 980 1050 1040 120 780 690 740 730 630 960 210 950 1180 1000 1050 1000 740 670 600 650 390 930 1000 720 420 700 910 0 670 510 890 280 260 810 1170 200 650 450
320 1010 650 890 130 760 500 430 760 570 410 200 660 490 790 930 720 560 730 860 720 500 640 940 840 480 350 1000 1000 650 580 530 540 590 580 490 1060 530 750 990 250 880 930 540 470 710 840 1070 880 890 760 730 710 520 770 1030 960 990 780 510 760 730 570 710 660 760 570 220 870 80 1090 590 310 460 630 980 620 760 990 580 1000 460 640 640 520 580 700 750 1040 400 670 0 540 720 390 470 530 880 700 1030 210
750 460 160 400 500 460 240 430 220 70 180 490 600 90 390 650 580 440 550 620 200 40 560 450 460 340 630 460 720 300 490 210 50 220 340 580 530 430 260 460 480 390 660 300 460 300 660 540 490 470 360 550 200 440 330 500 420 590 360 230 220 440 290 470 570 530 500 480 330 570 550 120 670 410 460 670 520 550 540 230 470 130 150 170 480 540 220 260 500 530 510 540 0 380 360 260 330 660 370 510 410
780 560 500 260 610 80 220 790 470 310 530 560 330 470 730 260 260 820 210 240 290 410 940 320 120 720 590 550 340 670 870 600 440 600 720 440 490 810 560 440 520 270 280 680 330 110 290 680 160 180 700 210 280 820 660 440 410 270 690 210 390 70 680 130 290 170 880 530 420 700 690 260 670 770 180 300 260 200 300 160 620 320 240 520 300 320 200 570 650 450 890 720 380 0 720 640 190 280 740 690 690
710 750 370 770 460 790 510 70 500 430 190 500 830 260 420 980 850 170 840 940 560 320 270 810 810 80 680 750 1060 290 200 200 320 260 190 730 870 140 450 800 520 750 990 160 640 650 960 780 840 830 400 840 560 140 430 850 770 950 430 510 550 770 200 780 820 840 190 500 660 470 800 470 680 70 730 1020 770 850 900 560 720 400 520 350 690 760 590 440 750 650 280 390 360 720 0 120 600 970 320 730 180
760 630 250 660 500 720 460 170 380 340 130 530 800 170 320 910 810 170 780 870 450 230 300 700 730 80 710 620 980 180 220 80 210 140 120 730 750 170 320 680 550 640 920 70 620 560 900 660 760 740 290 780 450 170 310 730 650 860 310 450 430 700 90 720 780 780 240 530 540 530 670 380 720 140 680 940 730 790 800 480 600 330 420 230 660 730 490 320 630 650 260 470 260 640 120 0 550 910 230 600 260
590 670 490 420 420 230 90 670 500 290 420 370 260 390 720 400 260 720 240 340 350 340 850 480 310 620 410 660 480 630 770 530 390 550 650 290 650 710 580 580 320 430 410 600 160 230 360 780 350 370 690 240 340 720 660 600 550 460 690 100 450 200 610 190 240 240 780 340 520 510 790 250 480 660 130 450 180 250 490 130 710 210 270 500 150 210 280 590 740 270 810 530 330 190 600 550 0 380 700 770 540
840 810 790 480 750 200 460 1040 750 590 790 690 260 740 1020 90 170 1090 140 40 570 680 1210 510 270 990 650 800 140 950 1140 880 720 880 1000 460 690 1080 850 660 640 500 70 960 410 390 50 930 280 330 990 140 560 1080 940 640 640 300 980 450 670 210 960 190 240 130 1150 660 680 840 940 540 730 1030 250 150 260 120 420 420 880 580 530 800 360 320 480 860 900 520 1170 880 660 280 970 910 380 0 1020 950 920
990 520 240 670 730 820 610 330 330 430 330 760 970 310 100 1000 950 220 920 980 480 360 300 690 800 240 930 520 1070 70 250 190 310 150 120 930 680 250 230 620 770 650 1020 160 810 640 1030 520 820 790 100 920 480 260 150 680 600 910 130 600 410 810 130 850 940 900 280 750 490 760 530 480 940 290 830 1020 890 920 820 600 470 490 490 220 840 900 550 210 500 860 200 700 370 740 320 230 700 1020 0 450 490
1260 150 380 470 1010 760 700 750 280 510 620 1010 1010 540 350 880 950 670 900 910 410 530 750 450 680 650 1140 160 920 440 700 520 490 460 550 1060 330 690 280 310 990 450 910 570 930 580 980 70 670 620 350 900 420 700 300 360 320 710 320 680 320 760 530 820 970 860 730 990 270 1070 80 530 1180 720 850 870 930 890 580 640 70 630 500 390 930 970 500 280 70 1020 650 1030 510 690 730 600 770 950 450 0 860
530 860 480 810 290 760 470 220 600 470 240 340 740 330 580 940 780 340 770 890 610 370 430 860 810 260 520 850 1020 450 370 340 390 400 370 610 940 310 570 870 380 800 950 330 540 660 890 910 840 840 560 770 610 310 580 920 840 950 580 480 630 730 360 730 730 780 360 350 740 290 920 500 510 240 660 990 680 790 930 540 840 380 550 470 590 660 620 570 880 510 450 210 410 690 180 260 540 920 490 860 0
